frame_name,left_temp,right_temp,frame_index,motion_coordinate_valid,motion_center_step_norm,motion_scale_step_log,motion_angle_step_rad,motion_score,motion_center_flag,motion_scale_flag,motion_angle_flag,motion_artifact_raw,motion_artifact,motion_center_threshold,motion_scale_threshold,motion_angle_threshold,left_missing_raw,right_missing_raw,left_quality_valid,right_quality_valid,quality_any_valid,left_temp_motion_filtered,right_temp_motion_filtered,left_temp_used,right_temp_used,left_repaired,right_repaired,left_motion_interpolated,right_motion_interpolated,left_norm,right_norm,fused_norm,fused_repaired,fusion_source,selected_fusion_mode,peak_retune_rule,edge_peak_completion,edge_peak_added,smoothing_method,butterworth_order,butterworth_cutoff_hz,rr_estimator,time_peak_count,spectral_count,autocorr_count,joint_count,joint_adjusted,smoothed_norm,is_peak,source_peak_rejected,quality_peak_rejected,mad_ibi_peak_rejected,motion_peak_rejected,motion_interval_peak_rejected,motion_reconstructed_peak,peak_number,event_source,target_time_seconds
frame_000000.jpg,32.54816139184665,31.755705196964925,0,True,,,,0.0,False,False,False,False,False,1.5400950245869276,0.12,0.18,False,False,True,True,True,32.54816139184665,31.755705196964925,32.54816139184665,31.755705196964925,False,False,False,False,0.9024006414368301,0.6327086760275801,0.6327086760275801,False,both,min,none,none,0,moving_average,4,2.0,peak,12,-1,-1,12,False,,False,False,False,False,False,False,False,,,0.0
frame_000001.jpg,32.845529641970465,32.059102735898335,1,True,0.06297411715302965,0.047670935940545486,0.018110242688180525,0.39725779950454576,False,False,False,False,False,1.5400950245869276,0.12,0.18,False,False,True,True,True,32.845529641970465,32.059102735898335,32.845529641970465,32.059102735898335,False,False,False,False,0.9475863140456986,0.6678456085262232,0.6678456085262232,False,both,min,none,none,0,moving_average,4,2.0,peak,12,-1,-1,12,False,0.6614383084346638,False,False,False,False,False,False,False,,,0.1149425287356322
frame_000002.jpg,33.03414304556849,32.1965245671576,2,True,0.074096461668716,0.02231000883310303,0.014424584747194904,0.18591674027585858,False,False,False,False,False,1.5400950245869276,0.12,0.18,False,False,True,True,True,33.03414304556849,32.1965245671576,33.03414304556849,32.1965245671576,False,False,False,False,0.9762464803582629,0.6837606407501879,0.6837606407501879,False,both,min,none,none,0,moving_average,4,2.0,peak,12,-1,-1,12,False,0.6846630919105297,False,False,False,False,False,False,False,,,0.2298850574712644
frame_000003.jpg,33.012150759149975,32.357323634981206,3,True,0.02792975572189553,0.03172601785526933,0.04311780489605323,0.26438348212724444,False,False,False,False,False,1.5400950245869276,0.12,0.18,False,False,True,True,True,33.012150759149975,32.357323634981206,33.012150759149975,32.357323634981206,False,False,False,False,0.9729047105034994,0.702383026455178,0.702383026455178,False,both,min,none,none,0,moving_average,4,2.0,peak,12,-1,-1,12,False,0.699351816087727,False,False,False,False,False,False,False,,,0.3448275862068966
frame_000004.jpg,33.156959247509775,32.4396017534724,4,True,0.016407760501480427,0.0246574649113769,0.008463639870438626,0.20547887426147418,False,False,False,False,False,1.5400950245869276,0.12,0.18,False,False,True,True,True,33.156959247509775,32.4396017534724,33.156959247509775,32.4396017534724,False,False,False,False,0.9949086364212348,0.7119117810578152,0.7119117810578152,False,both,min,none,none,0,moving_average,4,2.0,peak,12,-1,-1,12,False,0.7091160077361328,False,False,False,False,False,False,False,,,0.4597701149425288
frame_000005.jpg,33.19046566205996,32.44945772083414,5,True,0.009671129516602636,0.017192453345685046,0.00956925688079636,0.1432704445473754,False,False,False,False,False,1.5400950245869276,0.12,0.18,False,False,True,True,True,33.19046566205996,32.44945772083414,33.19046566205996,32.44945772083414,False,False,False,False,1.0,0.7130532156954054,0.7130532156954054,False,both,min,none,none,0,moving_average,4,2.0,peak,12,-1,-1,12,False,0.7103820197366912,True,False,False,False,False,False,False,1,,0.574712643678161
frame_000006.jpg,32.74862324957378,32.39011860863843,6,True,0.015429281260474081,0.008709711942432375,0.002837073574413263,0.07258093285360313,False,False,False,False,False,1.5400950245869276,0.12,0.18,False,False,True,True,True,32.74862324957378,32.39011860863843,32.74862324957378,32.39011860863843,False,False,False,False,0.9328612029461786,0.7061810624568531,0.7061810624568531,False,both,min,none,none,0,moving_average,4,2.0,peak,12,-1,-1,12,False,0.702243420294489,False,False,False,False,False,False,False,,,0.6896551724137931
frame_000007.jpg,32.557733658513996,32.22877819556299,7,True,0.05205997444683498,0.011308380655276395,0.013560071756798076,0.09423650546063664,False,False,False,False,False,1.5400950245869276,0.12,0.18,False,False,True,True,True,32.557733658513996,32.22877819556299,32.557733658513996,32.22877819556299,False,False,False,False,0.9038551656087128,0.6874959827312087,0.6874959827312087,False,both,min,none,none,0,moving_average,4,2.0,peak,12,-1,-1,12,False,0.6888930070115555,False,False,False,False,False,False,False,,,0.8045977011494253
frame_000008.jpg,32.68365682775028,32.10362651881253,8,True,0.01052776673909466,0.0582527461059991,0.052295898648540014,0.48543955088332585,False,False,False,False,False,1.5400950245869276,0.12,0.18,False,False,True,True,True,32.68365682775028,32.10362651881253,32.68365682775028,32.10362651881253,False,False,False,False,0.9229894312763249,0.6730019758466047,0.6730019758466047,False,both,min,none,none,0,moving_average,4,2.0,peak,12,-1,-1,12,False,0.6792263355716728,False,False,False,False,False,False,False,,,0.9195402298850576
frame_000009.jpg,32.65494786831449,32.13971163375653,9,True,0.0434974022339439,0.00890495989067493,0.0240227411072679,0.133459672818155,False,False,False,False,False,1.5400950245869276,0.12,0.18,False,False,True,True,True,32.65494786831449,32.13971163375653,32.65494786831449,32.13971163375653,False,False,False,False,0.9186270501496678,0.6771810481372048,0.6771810481372048,False,both,min,none,none,0,moving_average,4,2.0,peak,12,-1,-1,12,False,0.6728633223321112,False,False,False,False,False,False,False,,,1.0344827586206897
frame_000010.jpg,32.477320164114886,32.06394970145712,10,True,0.01055994776559368,0.022734152115617804,0.006229091684773327,0.18945126763014838,False,False,False,False,False,1.5400950245869276,0.12,0.18,False,False,True,True,True,32.477320164114886,32.06394970145712,32.477320164114886,32.06394970145712,False,False,False,False,0.8916361818075156,0.6684069430125245,0.6684069430125245,False,both,min,none,none,0,moving_average,4,2.0,peak,12,-1,-1,12,False,0.6727246707575227,False,False,False,False,False,False,False,,,1.149425287356322
frame_000011.jpg,32.5584440598103,32.10003486665271,11,True,0.003916123942673782,0.0168170957572902,0.009720672925425836,0.140142464644085,False,False,False,False,False,1.5400950245869276,0.12,0.18,False,False,True,True,True,32.5584440598103,32.10003486665271,32.5584440598103,32.10003486665271,False,False,False,False,0.9039631124402333,0.6725860211228392,0.6725860211228392,False,both,min,none,none,0,moving_average,4,2.0,peak,12,-1,-1,12,False,0.6643749023570109,False,False,False,False,False,False,False,,,1.264367816091954
frame_000012.jpg,32.882354337494604,31.92341792199238,12,True,0.1840512923577347,0.03914991842926295,0.024952791952474476,0.32624932024385794,False,False,False,False,False,1.5400950245869276,0.12,0.18,False,False,True,True,True,32.882354337494604,31.92341792199238,32.882354337494604,31.92341792199238,False,False,False,False,0.9531818967455403,0.6521317429356693,0.6521317429356693,False,both,min,none,none,0,moving_average,4,2.0,peak,12,-1,-1,12,False,0.6435041160994696,False,False,False,False,False,False,False,,,1.3793103448275863
frame_000013.jpg,31.280621204026925,31.523309577019294,13,True,0.6093748037768222,0.0,0.0,0.3956735097824655,False,False,False,False,False,1.5400950245869276,0.12,0.18,False,False,True,True,True,31.280621204026925,31.523309577019294,31.280621204026925,31.523309577019294,False,False,False,False,0.7097954930339391,0.6057945842399002,0.6057945842399002,False,both,min,none,none,0,moving_average,4,2.0,peak,12,-1,-1,12,False,0.6372881428831472,False,False,False,False,False,False,False,,,1.4942528735632186
frame_000014.jpg,32.22310324657611,31.939015320397697,14,True,0.4844201971115085,0.0496524578847136,0.023855681736208643,0.4137704823726133,False,False,False,False,False,1.5400950245869276,0.12,0.18,False,False,True,True,True,32.22310324657611,31.939015320397697,32.22310324657611,31.939015320397697,False,False,False,False,0.8530074364631152,0.6539381014738719,0.6539381014738719,False,both,min,none,none,0,moving_average,4,2.0,peak,12,-1,-1,12,False,0.6435704336998807,False,False,False,False,False,False,False,,,1.6091954022988506
frame_000015.jpg,32.530131190686674,32.08615536978193,15,True,0.2871678086851911,0.03241682978750876,0.006871291877082703,0.2701402482292397,False,False,False,False,False,1.5400950245869276,0.12,0.18,False,False,True,True,True,32.530131190686674,32.08615536978193,32.530131190686674,32.08615536978193,False,False,False,False,0.8996609179917501,0.6709786153858699,0.6709786153858699,False,both,min,none,none,0,moving_average,4,2.0,peak,12,-1,-1,12,False,0.6630565139604834,False,False,False,False,False,False,False,,,1.7241379310344829
frame_000016.jpg,32.502872563021064,32.028080059879805,16,True,0.02350465185628601,0.022759358820101598,0.009607854109985648,0.18966132350084666,False,False,False,False,False,1.5400950245869276,0.12,0.18,False,False,True,True,True,32.502872563021064,32.028080059879805,32.502872563021064,32.028080059879805,False,False,False,False,0.8955189175429717,0.6642528250217083,0.6642528250217083,False,both,min,none,none,0,moving_average,4,2.0,peak,12,-1,-1,12,False,0.6721632790667127,False,False,False,False,False,False,False,,,1.8390804597701151
frame_000017.jpg,32.15759540844927,32.174918393693694,17,True,0.0345443410082147,0.05415662534445647,0.0036911571994596715,0.45130521120380396,False,False,False,False,False,1.5400950245869276,0.12,0.18,False,False,True,True,True,32.15759540844927,32.174918393693694,32.15759540844927,32.174918393693694,False,False,False,False,0.8430533955536309,0.68125839679256,0.68125839679256,False,both,min,none,none,0,moving_average,4,2.0,peak,12,-1,-1,12,False,0.6780772871841484,False,False,False,False,False,False,False,,,1.9540229885057472
frame_000018.jpg,32.32037329793257,32.2393527646995,18,True,0.07633086045919835,0.03932632287352531,0.00546129913076698,0.3277193572793776,False,False,False,False,False,1.5400950245869276,0.12,0.18,False,False,True,True,True,32.32037329793257,32.2393527646995,32.32037329793257,32.2393527646995,False,False,False,False,0.8677878062349748,0.688720639738177,0.688720639738177,False,both,min,none,none,0,moving_average,4,2.0,peak,12,-1,-1,12,False,0.6810378010084353,True,False,False,False,False,False,False,2,,2.0689655172413794
frame_000019.jpg,31.93345774086072,32.10476967485701,19,True,0.05999134256725728,0.009668144933013736,0.00022535350704907736,0.08056787444178114,False,False,False,False,False,1.5400950245869276,0.12,0.18,False,False,True,True,True,31.93345774086072,32.10476967485701,31.93345774086072,32.10476967485701,False,False,False,False,0.808995249592337,0.6731343664945691,0.6731343664945691,False,both,min,none,none,0,moving_average,4,2.0,peak,12,-1,-1,12,False,0.6785184419333723,False,False,False,False,False,False,False,,,2.1839080459770117
frame_000020.jpg,31.94636697750386,32.10965652061244,20,True,0.01181450877767092,0.0021588156410544345,0.0017208494138757045,0.017990130342120287,False,False,False,False,False,1.5400950245869276,0.12,0.18,False,False,True,True,True,31.94636697750386,32.10965652061244,31.94636697750386,32.10965652061244,False,False,False,False,0.8109568327147599,0.6737003195673708,0.6737003195673708,False,both,min,none,none,0,moving_average,4,2.0,peak,12,-1,-1,12,False,0.6739351018522017,False,False,False,False,False,False,False,,,2.298850574712644
frame_000021.jpg,32.016693006565276,32.120625203540676,21,True,0.01463812524017581,0.03228236040938673,0.026894972854606833,0.26901967007822275,False,False,False,False,False,1.5400950245869276,0.12,0.18,False,False,True,True,True,32.016693006565276,32.120625203540676,32.016693006565276,32.120625203540676,False,False,False,False,0.8216430069237678,0.6749706194946654,0.6749706194946654,False,both,min,none,none,0,moving_average,4,2.0,peak,12,-1,-1,12,False,0.675702991198712,False,False,False,False,False,False,False,,,2.4137931034482762
frame_000022.jpg,31.945974989290498,32.15056535809076,22,True,0.040145217948582675,0.006375517050622713,0.005719982716217035,0.05312930875518928,False,False,False,False,False,1.5400950245869276,0.12,0.18,False,False,True,True,True,31.945974989290498,32.15056535809076,31.945974989290498,32.15056535809076,False,False,False,False,0.8108972693583217,0.6784380345341001,0.6784380345341001,False,both,min,none,none,0,moving_average,4,2.0,peak,12,-1,-1,12,False,0.6633361861893727,False,False,False,False,False,False,False,,,2.528735632183908
frame_000023.jpg,31.38752499077201,31.789304861760506,23,True,0.08851692012087883,0.013389589391761495,0.0007983097962237268,0.11157991159801246,False,False,False,False,False,1.5400950245869276,0.12,0.18,False,False,True,True,True,31.38752499077201,31.789304861760506,31.38752499077201,31.789304861760506,False,False,False,False,0.7260397272670841,0.6365999045393528,0.6365999045393528,False,both,min,none,none,0,moving_average,4,2.0,peak,12,-1,-1,12,False,0.6512963835566438,False,False,False,False,False,False,False,,,2.6436781609195403
frame_000024.jpg,31.493588966733164,31.808744265599806,24,True,0.1288885012344579,0.022533981426135722,0.031924783336075555,0.18778317855113102,False,False,False,False,False,1.5400950245869276,0.12,0.18,False,False,True,True,True,31.493588966733164,31.808744265599806,31.493588966733164,31.808744265599806,False,False,False,False,0.7421563506503136,0.6388512115964785,0.6388512115964785,False,both,min,none,none,0,moving_average,4,2.0,peak,12,-1,-1,12,False,0.632430384896063,False,False,False,False,False,False,False,,,2.7586206896551726
frame_000025.jpg,31.257972530146418,31.66185756636515,25,True,0.09074232578295321,0.037102799500195044,0.008645335706169799,0.3091899958349587,False,False,False,False,False,1.5400950245869276,0.12,0.18,False,False,True,True,True,31.257972530146418,31.66185756636515,31.257972530146418,31.66185756636515,False,False,False,False,0.7063539838527688,0.6218400385523577,0.6218400385523577,False,both,min,none,none,0,moving_average,4,2.0,peak,12,-1,-1,12,False,0.6216664276213828,False,False,False,False,False,False,False,,,2.873563218390805
frame_000026.jpg,31.43925321155463,31.51047362231337,26,True,0.08462295394535846,0.0695601962520797,0.023417306643082197,0.5796683021006641,False,False,False,False,False,1.5400950245869276,0.12,0.18,False,False,True,True,True,31.43925321155463,31.51047362231337,31.43925321155463,31.51047362231337,False,False,False,False,0.73389992904703,0.6043080327153122,0.6043080327153122,False,both,min,none,none,0,moving_average,4,2.0,peak,12,-1,-1,12,False,0.6114780653199374,False,False,False,False,False,False,False,,,2.988505747126437
frame_000027.jpg,31.497344466215406,31.544823328721794,27,True,0.01669503004678749,0.0049640022070927565,0.00214671463868093,0.0413666850591063,False,False,False,False,False,1.5400950245869276,0.12,0.18,False,False,True,True,True,31.497344466215406,31.544823328721794,31.497344466215406,31.544823328721794,False,False,False,False,0.742727005957384,0.6082861246921424,0.6082861246921424,False,both,min,none,none,0,moving_average,4,2.0,peak,12,-1,-1,12,False,0.606960094033199,False,False,False,False,False,False,False,,,3.1034482758620694
frame_000028.jpg,31.497344466215406,31.544823328721794,28,True,0.0,0.0,0.0,0.0,False,False,False,False,False,1.5400950245869276,0.12,0.18,False,False,True,True,True,31.497344466215406,31.544823328721794,31.497344466215406,31.544823328721794,False,False,False,False,0.742727005957384,0.6082861246921424,0.6082861246921424,False,both,min,none,none,0,moving_average,4,2.0,peak,12,-1,-1,12,False,0.6150132055889139,False,False,False,False,False,False,False,,,3.218390804597701
frame_000029.jpg,31.922488057744893,31.719082688587537,29,True,0.05371399190594212,0.017992687293731085,0.010330494457221341,0.14993906078109237,False,False,False,False,False,1.5400950245869276,0.12,0.18,False,False,True,True,True,31.922488057744893,31.719082688587537,31.922488057744893,31.719082688587537,False,False,False,False,0.8073283853266044,0.6284673673824572,0.6284673673824572,False,both,min,none,none,0,moving_average,4,2.0,peak,12,-1,-1,12,False,0.6286245041190832,False,False,False,False,False,False,False,,,3.3333333333333335
frame_000030.jpg,31.746262907606642,31.89741254315314,30,True,0.0298689771062154,0.02638862175579292,0.03278651011174704,0.21990518129827433,False,False,False,False,False,1.5400950245869276,0.12,0.18,False,False,True,True,True,31.746262907606642,31.89741254315314,31.746262907606642,31.89741254315314,False,False,False,False,0.7805506377483739,0.6491200202826501,0.6491200202826501,False,both,min,none,none,0,moving_average,4,2.0,peak,12,-1,-1,12,False,0.64271450462024,False,False,False,False,False,False,False,,,3.4482758620689657
frame_000031.jpg,32.05798346732124,31.90981291417749,31,True,0.015489954296878291,0.013036672142501968,0.0002393846575999281,0.10863893452084973,False,False,False,False,False,1.5400950245869276,0.12,0.18,False,False,True,True,True,32.05798346732124,31.90981291417749,32.05798346732124,31.90981291417749,False,False,False,False,0.8279171711656181,0.650556126195613,0.650556126195613,False,both,min,none,none,0,moving_average,4,2.0,peak,12,-1,-1,12,False,0.6558242606572917,True,False,False,False,False,False,False,3,,3.563218390804598
frame_000032.jpg,32.44414769881145,32.05867986752276,32,True,0.3243979627612066,0.025478193605967925,0.011573830192078768,0.21231828004973272,False,False,False,False,False,1.5400950245869276,0.12,0.18,False,False,True,True,True,32.44414769881145,32.05867986752276,32.44414769881145,32.05867986752276,False,False,False,False,0.8865955624535461,0.6677966354936121,0.6677966354936121,False,both,min,none,none,0,moving_average,4,2.0,peak,12,-1,-1,12,False,0.651169033336881,False,False,False,False,False,False,False,,,3.6781609195402303
frame_000033.jpg,31.797039892326747,31.776822803660995,33,True,0.6239237266996897,0.10921662106055975,0.07269221969579505,0.910138508837998,False,False,False,False,False,1.5400950245869276,0.12,0.18,False,False,True,True,True,31.797039892326747,31.776822803660995,31.797039892326747,31.776822803660995,False,False,False,False,0.7882662973948656,0.6351543383214181,0.6351543383214181,False,both,min,none,none,0,moving_average,4,2.0,peak,12,-1,-1,12,False,0.6300611217231193,False,False,False,False,False,False,False,,,3.7931034482758625
frame_000034.jpg,32.83546055887999,31.36303025727767,34,True,0.5582091797656977,0.10598889549681217,0.06343139336053943,0.8832407958067682,False,False,False,False,False,1.5400950245869276,0.12,0.18,False,False,True,True,True,32.83546055887999,31.36303025727767,32.83546055887999,31.36303025727767,False,False,False,False,0.9460562976710238,0.587232391354328,0.587232391354328,False,both,min,none,none,0,moving_average,4,2.0,peak,12,-1,-1,12,False,0.6017858666003104,False,False,False,False,False,False,False,,,3.9080459770114944
frame_000035.jpg,,,35,False,,,,0.0,False,False,False,False,False,1.5400950245869276,0.12,0.18,True,True,False,False,False,,,32.78787836915379,31.32623321891684,True,True,False,False,0.9388260932154846,0.582970870125185,0.582970870125185,False,missing,min,none,none,0,moving_average,4,2.0,peak,12,-1,-1,12,False,0.5829708701251848,False,False,False,False,False,False,False,,,4.022988505747127
frame_000036.jpg,,,36,False,,,,0.0,False,False,False,False,False,1.5400950245869276,0.12,0.18,True,True,False,False,False,,,32.74029617942758,31.289436180556006,True,True,False,False,0.9315958887599444,0.5787093488960414,0.5787093488960414,False,missing,min,none,none,0,moving_average,4,2.0,peak,12,-1,-1,12,False,0.5787093488960415,False,False,False,False,False,False,False,,,4.137931034482759
frame_000037.jpg,,,37,False,,,,0.0,False,False,False,False,False,1.5400950245869276,0.12,0.18,True,True,False,False,False,,,32.69271398970138,31.252639142195175,True,True,False,False,0.9243656843044051,0.5744478276668983,0.5744478276668983,False,missing,min,none,none,0,moving_average,4,2.0,peak,12,-1,-1,12,False,0.5744478276668983,False,False,False,False,False,False,False,,,4.252873563218391
frame_000038.jpg,,,38,False,,,,0.0,False,False,False,False,False,1.5400950245869276,0.12,0.18,True,True,False,False,False,,,32.645131799975175,31.215842103834344,True,True,False,False,0.9171354798488649,0.5701863064377553,0.5701863064377553,False,missing,min,none,none,0,moving_average,4,2.0,peak,12,-1,-1,12,False,0.570186306437755,False,False,False,False,False,False,False,,,4.367816091954023
frame_000039.jpg,,,39,False,,,,0.0,False,False,False,False,False,1.5400950245869276,0.12,0.18,True,True,False,False,False,,,32.597549610248976,31.17904506547351,True,True,False,False,0.9099052753933257,0.5659247852086117,0.5659247852086117,False,missing,min,none,none,0,moving_average,4,2.0,peak,12,-1,-1,12,False,0.5659247852086118,False,False,False,False,False,False,False,,,4.482758620689656
frame_000040.jpg,,,40,False,,,,0.0,False,False,False,False,False,1.5400950245869276,0.12,0.18,True,True,False,False,False,,,32.54996742052277,31.14224802711268,True,True,False,False,0.9026750709377853,0.5616632639794686,0.5616632639794686,False,missing,min,none,none,0,moving_average,4,2.0,peak,12,-1,-1,12,False,0.5616632639794685,False,False,False,False,False,False,False,,,4.597701149425288
frame_000041.jpg,,,41,False,,,,0.0,False,False,False,False,False,1.5400950245869276,0.12,0.18,True,True,False,False,False,,,32.50238523079657,31.105450988751848,True,True,False,False,0.8954448664822462,0.5574017427503255,0.5574017427503255,False,missing,min,none,none,0,moving_average,4,2.0,peak,12,-1,-1,12,False,0.5574017427503254,False,False,False,False,False,False,False,,,4.71264367816092
frame_000042.jpg,,,42,False,,,,0.0,False,False,False,False,False,1.5400950245869276,0.12,0.18,True,True,False,False,False,,,32.45480304107036,31.068653950391013,True,True,False,False,0.8882146620267058,0.553140221521182,0.553140221521182,False,missing,min,none,none,0,moving_average,4,2.0,peak,12,-1,-1,12,False,0.5531402215211821,False,False,False,False,False,False,False,,,4.8275862068965525
frame_000043.jpg,,,43,False,,,,0.0,False,False,False,False,False,1.5400950245869276,0.12,0.18,True,True,False,False,False,,,32.407220851344164,31.031856912030182,True,True,False,False,0.8809844575711667,0.5488787002920389,0.5488787002920389,False,missing,min,none,none,0,moving_average,4,2.0,peak,12,-1,-1,12,False,0.5488787002920387,False,False,False,False,False,False,False,,,4.942528735632185
frame_000044.jpg,,,44,False,,,,0.0,False,False,False,False,False,1.5400950245869276,0.12,0.18,True,True,False,False,False,,,32.359638661617964,30.995059873669348,True,True,False,False,0.8737542531156275,0.5446171790628953,0.5446171790628953,False,missing,min,none,none,0,moving_average,4,2.0,peak,12,-1,-1,12,False,0.5446171790628955,False,False,False,False,False,False,False,,,5.057471264367816
frame_000045.jpg,,,45,False,,,,0.0,False,False,False,False,False,1.5400950245869276,0.12,0.18,True,True,False,False,False,,,32.31205647189176,30.958262835308517,True,True,False,False,0.8665240486600871,0.5403556578337523,0.5403556578337523,False,missing,min,none,none,0,moving_average,4,2.0,peak,12,-1,-1,12,False,0.5403556578337522,False,False,False,False,False,False,False,,,5.172413793103448
frame_000046.jpg,,,46,False,,,,0.0,False,False,False,False,False,1.5400950245869276,0.12,0.18,True,True,False,False,False,,,32.26447428216556,30.921465796947686,True,True,False,False,0.859293844204548,0.5360941366046091,0.5360941366046091,False,missing,min,none,none,0,moving_average,4,2.0,peak,12,-1,-1,12,False,0.536094136604609,False,False,False,False,False,False,False,,,5.287356321839081
frame_000047.jpg,,,47,False,,,,0.0,False,False,False,False,False,1.5400950245869276,0.12,0.18,True,True,False,False,False,,,32.21689209243935,30.88466875858685,True,True,False,False,0.8520636397490077,0.5318326153754657,0.5318326153754657,False,missing,min,none,none,0,moving_average,4,2.0,peak,12,-1,-1,12,False,0.5318326153754658,False,False,False,False,False,False,False,,,5.402298850574713
frame_000048.jpg,,,48,False,,,,0.0,False,False,False,False,False,1.5400950245869276,0.12,0.18,True,True,False,False,False,,,32.16930990271315,30.84787172022602,True,True,False,False,0.8448334352934685,0.5275710941463225,0.5275710941463225,False,missing,min,none,none,0,moving_average,4,2.0,peak,12,-1,-1,12,False,0.5275710941463225,False,False,False,False,False,False,False,,,5.517241379310345
frame_000049.jpg,,,49,False,,,,0.0,False,False,False,False,False,1.5400950245869276,0.12,0.18,True,True,False,False,False,,,32.121727712986946,30.81107468186519,True,True,False,False,0.8376032308379282,0.5233095729171794,0.5233095729171794,False,missing,min,none,none,0,moving_average,4,2.0,peak,12,-1,-1,12,False,0.5233095729171793,False,False,False,False,False,False,False,,,5.6321839080459775
frame_000050.jpg,,,50,False,,,,0.0,False,False,False,False,False,1.5400950245869276,0.12,0.18,True,True,False,False,False,,,32.074145523260746,30.774277643504355,True,True,False,False,0.8303730263823891,0.5190480516880359,0.5190480516880359,False,missing,min,none,none,0,moving_average,4,2.0,peak,12,-1,-1,12,False,0.519048051688036,False,False,False,False,False,False,False,,,5.74712643678161
frame_000051.jpg,,,51,False,,,,0.0,False,False,False,False,False,1.5400950245869276,0.12,0.18,True,True,False,False,False,,,32.02656333353454,30.737480605143524,True,True,False,False,0.8231428219268487,0.5147865304588928,0.5147865304588928,False,missing,min,none,none,0,moving_average,4,2.0,peak,12,-1,-1,12,False,0.5147865304588928,False,False,False,False,False,False,False,,,5.862068965517242
frame_000052.jpg,,,52,False,,,,0.0,False,False,False,False,False,1.5400950245869276,0.12,0.18,True,True,False,False,False,,,31.97898114380834,30.700683566782693,True,True,False,False,0.8159126174713095,0.5105250092297496,0.5105250092297496,False,missing,min,none,none,0,moving_average,4,2.0,peak,12,-1,-1,12,False,0.5105250092297495,False,False,False,False,False,False,False,,,5.977011494252874
frame_000053.jpg,,,53,False,,,,0.0,False,False,False,False,False,1.5400950245869276,0.12,0.18,True,True,False,False,False,,,31.931398954082137,30.66388652842186,True,True,False,False,0.8086824130157698,0.5062634880006062,0.5062634880006062,False,missing,min,none,none,0,moving_average,4,2.0,peak,12,-1,-1,12,False,0.5062634880006063,False,False,False,False,False,False,False,,,6.0919540229885065
frame_000054.jpg,31.883816764355934,30.627089490061028,54,True,,,,0.0,False,False,False,False,False,1.5400950245869276,0.12,0.18,False,False,True,True,True,31.883816764355934,30.627089490061028,31.883816764355934,30.627089490061028,False,False,False,False,0.80145220856023,0.502001966771463,0.502001966771463,False,both,min,none,none,0,moving_average,4,2.0,peak,12,-1,-1,12,False,0.515284004115667,False,False,False,False,False,False,False,,,6.206896551724139
frame_000055.jpg,31.051015655724946,30.934352432668263,55,True,0.8342787308824139,0.058813942556000365,0.02237549973365916,0.5417060100601115,False,False,False,False,False,1.5400950245869276,0.12,0.18,False,False,True,True,True,31.051015655724946,30.934352432668263,31.051015655724946,30.934352432668263,False,False,False,False,0.6749064921724377,0.5375865575749318,0.5375865575749318,False,both,min,none,none,0,moving_average,4,2.0,peak,12,-1,-1,12,False,0.533614576381776,False,False,False,False,False,False,False,,,6.321839080459771
frame_000056.jpg,31.20812066633097,31.13872455075007,56,True,0.8639667153081497,0.06204209065526588,4.1520471307704414e-05,0.5609827325686454,False,False,False,False,False,1.5400950245869276,0.12,0.18,False,False,True,True,True,31.20812066633097,31.13872455075007,31.20812066633097,31.13872455075007,False,False,False,False,0.6987788980917005,0.5612552047989334,0.5612552047989334,False,both,min,none,none,0,moving_average,4,2.0,peak,12,-1,-1,12,False,0.5533656557242662,False,False,False,False,False,False,False,,,6.436781609195402
frame_000057.jpg,31.20812066633097,31.13872455075007,57,True,0.0,0.0,0.0,0.0,False,False,False,False,False,1.5400950245869276,0.12,0.18,False,False,True,True,True,31.20812066633097,31.13872455075007,31.20812066633097,31.13872455075007,False,False,False,False,0.6987788980917005,0.5612552047989334,0.5612552047989334,False,both,min,none,none,0,moving_average,4,2.0,peak,12,-1,-1,12,False,0.5884755334651849,False,False,False,False,False,False,False,,,6.551724137931035
frame_000058.jpg,32.280233561368185,31.84384421877614,58,True,0.8753928731078044,0.10071868773348644,0.037578232763751426,0.8393223977790537,False,False,False,False,False,1.5400950245869276,0.12,0.18,False,False,True,True,True,32.280233561368185,31.84384421877614,32.280233561368185,31.84384421877614,False,False,False,False,0.8616884967281618,0.6429161907976878,0.6429161907976878,False,both,min,none,none,0,moving_average,4,2.0,peak,12,-1,-1,12,False,0.6206562210186086,False,False,False,False,False,False,False,,,6.666666666666667
frame_000059.jpg,32.62959553619551,31.97233813428678,59,True,0.4747511655039155,0.020137345477779896,0.01516121255878456,0.3082609565804224,False,False,False,False,False,1.5400950245869276,0.12,0.18,False,False,True,True,True,32.62959553619551,31.97233813428678,32.62959553619551,31.97233813428678,False,False,False,False,0.9147747149440013,0.6577972674592049,0.6577972674592049,False,both,min,none,none,0,moving_average,4,2.0,peak,12,-1,-1,12,False,0.6616233839678387,False,False,False,False,False,False,False,,,6.781609195402299
frame_000060.jpg,32.64814148376816,32.19994437263068,60,True,0.19964896339886787,0.0,0.0,0.12963418504154714,False,False,False,False,False,1.5400950245869276,0.12,0.18,False,False,True,True,True,32.64814148376816,32.19994437263068,32.64814148376816,32.19994437263068,False,False,False,False,0.9175928070398789,0.6841566936466238,0.6841566936466238,False,both,min,none,none,0,moving_average,4,2.0,peak,12,-1,-1,12,False,0.6739202890822482,True,False,False,False,False,False,False,4,,6.8965517241379315
frame_000061.jpg,31.80093111853014,32.16238517977382,61,True,0.16545045173135994,0.0,0.0,0.10742872945501254,False,False,False,False,False,1.5400950245869276,0.12,0.18,False,False,True,True,True,31.80093111853014,32.16238517977382,31.80093111853014,32.16238517977382,False,False,False,False,0.7888575766360097,0.679806906140916,0.679806906140916,False,both,min,none,none,0,moving_average,4,2.0,peak,12,-1,-1,12,False,0.6685593872519606,False,False,False,False,False,False,False,,,7.011494252873564
frame_000062.jpg,32.170415657613546,31.833468491482673,62,True,0.03963680544467178,0.0,0.0,0.025736597295548606,False,False,False,False,False,1.5400950245869276,0.12,0.18,False,False,True,True,True,32.170415657613546,31.833468491482673,32.170415657613546,31.833468491482673,False,False,False,False,0.8450014568589653,0.6417145619683422,0.6417145619683422,False,both,min,none,none,0,moving_average,4,2.0,peak,12,-1,-1,12,False,0.6574255640448825,False,False,False,False,False,False,False,,,7.126436781609196
frame_000063.jpg,32.33071249642343,31.911532067992738,63,True,0.015976667061111796,0.0,0.0,0.010373819021587278,False,False,False,False,False,1.5400950245869276,0.12,0.18,False,False,True,True,True,32.33071249642343,31.911532067992738,32.33071249642343,31.911532067992738,False,False,False,False,0.8693588671597763,0.6507552240253894,0.6507552240253894,False,both,min,none,none,0,moving_average,4,2.0,peak,12,-1,-1,12,False,0.6343835866989269,False,False,False,False,False,False,False,,,7.241379310344828
frame_000064.jpg,32.490965599393945,31.56550218045176,64,True,0.10883951881143283,0.0,0.0,0.07067065153374216,False,False,False,False,False,1.5400950245869276,0.12,0.18,False,False,True,True,True,32.490965599393945,31.56550218045176,32.490965599393945,31.56550218045176,False,False,False,False,0.8937096317164025,0.6106809741030491,0.6106809741030491,False,both,min,none,none,0,moving_average,4,2.0,peak,12,-1,-1,12,False,0.6140148094945819,False,False,False,False,False,False,False,,,7.356321839080461
frame_000065.jpg,32.06934845541898,31.305832488386514,65,True,0.14956244138717556,0.0,0.0,0.09711247617807872,False,False,False,False,False,1.5400950245869276,0.12,0.18,False,False,True,True,True,32.06934845541898,31.305832488386514,32.06934845541898,31.305832488386514,False,False,False,False,0.8296441027770941,0.5806082303553073,0.5806082303553073,False,both,min,none,none,0,moving_average,4,2.0,peak,12,-1,-1,12,False,0.6023820108374707,False,False,False,False,False,False,False,,,7.471264367816093
frame_000066.jpg,31.587740426572726,31.61019422494582,66,True,0.13170134941182768,0.0,0.0,0.08551508011471669,False,False,False,False,False,1.5400950245869276,0.12,0.18,False,False,True,True,True,31.587740426572726,31.61019422494582,31.587740426572726,31.61019422494582,False,False,False,False,0.7564628444948518,0.6158568280540555,0.6158568280540555,False,both,min,none,none,0,moving_average,4,2.0,peak,12,-1,-1,12,False,0.6020238045199356,False,False,False,False,False,False,False,,,7.586206896551725
frame_000067.jpg,31.43759417467827,31.556223147755205,67,True,0.01903556328345018,0.0,0.0,0.012359992714446792,False,False,False,False,False,1.5400950245869276,0.12,0.18,False,False,True,True,True,31.43759417467827,31.556223147755205,31.43759417467827,31.556223147755205,False,False,False,False,0.7336478352303232,0.6096063551504441,0.6096063551504441,False,both,min,none,none,0,moving_average,4,2.0,peak,12,-1,-1,12,False,0.6120055613041001,False,False,False,False,False,False,False,,,7.701149425287357
frame_000068.jpg,31.491077694400605,31.564401483502778,68,True,0.011879610176844975,0.0,0.0,0.007713556622930609,False,False,False,False,False,1.5400950245869276,0.12,0.18,False,False,True,True,True,31.491077694400605,31.564401483502778,31.491077694400605,31.564401483502778,False,False,False,False,0.7417747580310496,0.6105535007078008,0.6105535007078008,False,both,min,none,none,0,moving_average,4,2.0,peak,12,-1,-1,12,False,0.62952164779754,False,False,False,False,False,False,False,,,7.816091954022989
frame_000069.jpg,31.75125656249567,32.06393367992467,69,True,0.0760295790453477,0.0,0.0,0.04936681037959964,False,False,False,False,False,1.5400950245869276,0.12,0.18,False,False,True,True,True,31.75125656249567,32.06393367992467,31.75125656249567,32.06393367992467,False,False,False,False,0.7813094331303398,0.6684050875343751,0.6684050875343751,False,both,min,none,none,0,moving_average,4,2.0,peak,12,-1,-1,12,False,0.5962209925669844,False,False,False,False,False,False,False,,,7.931034482758621
frame_000070.jpg,29.963815723437243,31.92126343222739,70,True,0.22105279753489118,0.0,0.0,0.14353192108660975,False,False,False,False,False,1.5400950245869276,0.12,0.18,False,False,True,True,True,29.963815723437243,31.92126343222739,29.963815723437243,31.92126343222739,False,False,False,False,0.5097043894587774,0.65188222818447,0.5097043894587774,False,both,min,none,none,0,moving_average,4,2.0,peak,12,-1,-1,12,False,0.4314995866063931,False,False,False,False,False,False,False,,,8.045977011494253
frame_000071.jpg,27.37539735421089,31.770778848799928,71,True,0.2684251274094486,0.0,0.0,0.17429127626812738,False,False,False,False,False,1.5400950245869276,0.12,0.18,False,False,True,True,True,27.37539735421089,31.770778848799928,27.37539735421089,31.770778848799928,False,False,False,False,0.1163892828260269,0.6344543786753224,0.1163892828260269,False,both,min,none,none,0,moving_average,4,2.0,peak,12,-1,-1,12,False,0.20869789076160142,False,False,False,False,False,False,False,,,8.160919540229886
frame_000072.jpg,26.609436035747553,31.937168812115267,72,True,0.25920032668685467,0.0,0.0,0.1683015155226382,False,False,False,False,False,1.5400950245869276,0.12,0.18,False,False,True,True,True,26.609436035747553,31.937168812115267,26.609436035747553,31.937168812115267,False,False,False,False,0.0,0.6537242545286857,0.0,False,both,min,none,none,0,moving_average,4,2.0,peak,12,-1,-1,12,False,0.040751017585070166,False,False,False,False,False,False,False,,,8.275862068965518
frame_000073.jpg,26.64802567937339,32.02017211404109,73,True,0.15694569796492194,0.0,0.0,0.10190650281921189,False,False,False,False,False,1.5400950245869276,0.12,0.18,False,False,True,True,True,26.64802567937339,32.02017211404109,26.64802567937339,32.02017211404109,False,False,False,False,0.005863769929183599,0.6633369937327838,0.005863769929183599,False,both,min,none,none,0,moving_average,4,2.0,peak,12,-1,-1,12,False,0.010516869620412655,False,False,False,False,False,False,False,,,8.39080459770115
frame_000074.jpg,26.778481883765718,31.909363408691483,74,True,0.18352018140991008,0.0,0.0,0.11916159618730827,False,False,False,False,False,1.5400950245869276,0.12,0.18,False,False,True,True,True,26.778481883765718,31.909363408691483,26.778481883765718,31.909363408691483,False,False,False,False,0.02568683893205437,0.6505040682785478,0.02568683893205437,False,both,min,none,none,0,moving_average,4,2.0,peak,12,-1,-1,12,False,0.03171874483663559,False,False,False,False,False,False,False,,,8.505747126436782
frame_000075.jpg,27.02802654254158,31.543705877870718,75,True,0.15667992536424188,0.0,0.0,0.1017339338566238,False,False,False,False,False,1.5400950245869276,0.12,0.18,False,False,True,True,True,27.02802654254158,31.543705877870718,27.02802654254158,31.543705877870718,False,False,False,False,0.0636056256486688,0.6081567110018967,0.0636056256486688,False,both,min,none,none,0,moving_average,4,2.0,peak,12,-1,-1,12,False,0.09606964530857856,False,False,False,False,False,False,False,,,8.620689655172415
frame_000076.jpg,27.918511226830603,31.581806819826582,76,True,0.2547907103377457,0.0,0.0,0.16543830495529566,False,False,False,False,True,1.5400950245869276,0.12,0.18,False,False,True,True,True,27.918511226830603,31.581806819826582,27.918511226830603,31.581806819826582,False,False,True,True,0.19891647134501253,0.6125692392984158,0.19891647134501253,False,both,min,none,none,0,moving_average,4,2.0,peak,12,-1,-1,12,False,0.30231098368073567,False,False,False,False,False,False,False,,,8.735632183908047
frame_000077.jpg,31.895447882195302,31.856750215958904,77,True,0.5447018123509264,0.3651860398915238,0.16670562427394595,3.043216999096032,False,True,False,True,True,1.5400950245869276,0.12,0.18,False,False,True,True,True,31.895447882195302,31.856750215958904,31.895447882195302,31.856750215958904,False,False,True,True,0.8032195790933856,0.6444108540485257,0.6444108540485257,False,both,min,none,none,0,moving_average,4,2.0,peak,12,-1,-1,12,False,0.49521880043607047,False,False,False,False,False,False,False,,,8.85057471264368
frame_000078.jpg,31.316143376965357,31.838774646735818,78,True,0.2871108142245329,0.3651860398915237,0.16670562427394595,3.043216999096031,False,True,False,True,True,1.5400950245869276,0.12,0.18,False,False,True,True,True,31.316143376965357,31.838774646735818,31.316143376965357,31.838774646735818,False,False,True,True,0.7151931549433166,0.6423290759146731,0.6423290759146731,False,both,min,none,none,0,moving_average,4,2.0,peak,12,-1,-1,12,False,0.636605042853924,False,False,False,False,False,False,False,,,8.965517241379311
frame_000079.jpg,31.526260149297073,31.67252282629429,79,True,0.25204938562963425,0.0,0.0,0.16365833380783565,False,False,False,False,True,1.5400950245869276,0.12,0.18,False,False,True,True,True,31.526260149297073,31.67252282629429,31.526260149297073,31.67252282629429,False,False,True,True,0.7471207991361983,0.6230751985985733,0.6230751985985733,False,both,min,none,none,0,moving_average,4,2.0,peak,12,-1,-1,12,False,0.6305476498139693,False,False,False,False,False,False,False,,,9.080459770114944
frame_000080.jpg,32.399035454964995,31.69983855549347,80,True,0.22013593486308553,0.0,0.0,0.1429365924496306,False,False,False,False,False,1.5400950245869276,0.12,0.18,False,False,True,True,True,32.399035454964995,31.69983855549347,32.399035454964995,31.69983855549347,False,False,False,False,0.8797406709839674,0.6262386749286615,0.6262386749286615,False,both,min,none,none,0,moving_average,4,2.0,peak,12,-1,-1,12,False,0.6257771567628022,False,False,False,False,False,False,False,,,9.195402298850576
frame_000081.jpg,32.34890977083954,31.71519904565463,81,True,0.19779791671221233,0.0,0.0,0.1284322808362193,False,False,False,False,False,1.5400950245869276,0.12,0.18,False,False,True,True,True,32.34890977083954,31.71519904565463,32.34890977083954,31.71519904565463,False,False,False,False,0.8721239777046906,0.6280175967611721,0.6280175967611721,False,both,min,none,none,0,moving_average,4,2.0,peak,12,-1,-1,12,False,0.6372496466847021,False,False,False,False,False,False,False,,,9.310344827586208
frame_000082.jpg,32.41933615612574,31.96970800669191,82,True,0.2870968913005257,0.0,0.0,0.1864150501866134,False,False,False,False,False,1.5400950245869276,0.12,0.18,False,False,True,True,True,32.41933615612574,31.96970800669191,32.41933615612574,31.96970800669191,False,False,False,False,0.8828254012334067,0.6574926683642727,0.6574926683642727,False,both,min,none,none,0,moving_average,4,2.0,peak,12,-1,-1,12,False,0.6508088563385686,False,False,False,False,False,False,False,,,9.42528735632184
frame_000083.jpg,33.070302983851434,32.05107845149385,83,True,0.2397190701296484,0.0,0.0,0.1556521294482748,False,False,False,False,False,1.5400950245869276,0.12,0.18,False,False,True,True,True,33.070302983851434,32.05107845149385,33.070302983851434,32.05107845149385,False,False,False,False,0.9817410519277886,0.6669163038902612,0.6669163038902612,False,both,min,none,none,0,moving_average,4,2.0,peak,12,-1,-1,12,False,0.661150173001448,False,False,False,False,False,False,False,,,9.540229885057473
frame_000084.jpg,32.98078881173893,31.98308213632879,84,True,0.28566706220913174,0.0,0.0,0.1854866470241024,False,False,False,False,False,1.5400950245869276,0.12,0.18,False,False,True,True,True,32.98078881173893,31.98308213632879,32.98078881173893,31.98308213632879,False,False,False,False,0.9681392027954577,0.6590415467498099,0.6590415467498099,False,both,min,none,none,0,moving_average,4,2.0,peak,12,-1,-1,12,False,0.6693135262774348,True,False,False,False,False,False,False,5,,9.655172413793105
frame_000085.jpg,32.86425975986715,32.18117279179864,85,True,0.28094451924969543,0.0,0.0,0.18242024989662453,False,False,False,False,False,1.5400950245869276,0.12,0.18,False,False,True,True,True,32.86425975986715,32.18117279179864,32.86425975986715,32.18117279179864,False,False,False,False,0.9504323911734782,0.6819827281922332,0.6819827281922332,False,both,min,none,none,0,moving_average,4,2.0,peak,12,-1,-1,12,False,0.6601867158856405,False,False,False,False,False,False,False,,,9.770114942528737
frame_000086.jpg,32.55976575936857,31.814656121972984,86,True,0.22430056471245285,0.0,0.0,0.14564073068972677,False,False,False,False,False,1.5400950245869276,0.12,0.18,False,False,True,True,True,32.55976575936857,31.814656121972984,32.55976575936857,31.814656121972984,False,False,False,False,0.9041639472082433,0.6395358727148787,0.6395358727148787,False,both,min,none,none,0,moving_average,4,2.0,peak,12,-1,-1,12,False,0.6603395558972407,False,False,False,False,False,False,False,,,9.88505747126437
frame_000087.jpg,32.48728412528383,31.987041327988887,87,True,0.18007143247872487,0.0,0.0,0.11692228700435042,False,False,False,False,False,1.5400950245869276,0.12,0.18,False,False,True,True,True,32.48728412528383,31.987041327988887,32.48728412528383,31.987041327988887,False,False,False,False,0.8931502247057734,0.6595000667846102,0.6595000667846102,False,both,min,none,none,0,moving_average,4,2.0,peak,12,-1,-1,12,False,0.651333486245175,False,False,False,False,False,False,False,,,10.0
frame_000088.jpg,31.307430983356493,31.94787814935894,88,True,0.08789606628149256,0.0,0.0,0.05707184613823901,False,False,False,False,False,1.5400950245869276,0.12,0.18,False,False,True,True,True,31.307430983356493,31.94787814935894,31.307430983356493,31.94787814935894,False,False,False,False,0.7138692901222209,0.6549645192360362,0.6549645192360362,False,both,min,none,none,0,moving_average,4,2.0,peak,12,-1,-1,12,False,0.6463816598887118,False,False,False,False,False,False,False,,,10.114942528735632
frame_000089.jpg,,,89,False,,,,0.0,False,False,False,False,False,1.5400950245869276,0.12,0.18,True,True,False,False,False,,,30.720476213305012,31.978001459753017,True,True,False,False,0.6246803936454892,0.6584531458335798,0.6246803936454892,False,missing,min,none,none,0,moving_average,4,2.0,peak,12,-1,-1,12,False,0.6050454700167611,False,False,False,False,False,False,False,,,10.229885057471265
frame_000090.jpg,30.133521443253535,32.0081247701471,90,True,,,,0.0,False,False,False,False,False,1.5400950245869276,0.12,0.18,False,False,True,True,True,30.133521443253535,32.0081247701471,30.133521443253535,32.0081247701471,False,False,False,False,0.5354914971687582,0.661941772431124,0.5354914971687582,False,both,min,none,none,0,moving_average,4,2.0,peak,12,-1,-1,12,False,0.5521344520579862,False,False,False,False,False,False,False,,,10.344827586206897
frame_000091.jpg,29.87515001078823,32.271563781510594,91,True,0.08416469150492573,0.0,0.0,0.05464902500253173,False,False,False,False,False,1.5400950245869276,0.12,0.18,False,False,True,True,True,29.87515001078823,32.271563781510594,29.87515001078823,32.271563781510594,False,False,False,False,0.496231465359711,0.6924510468053635,0.496231465359711,False,both,min,none,none,0,moving_average,4,2.0,peak,12,-1,-1,12,False,0.499000981809572,False,False,False,False,False,False,False,,,10.459770114942529
frame_000092.jpg,,,92,False,,,,0.0,False,False,False,False,False,1.5400950245869276,0.12,0.18,True,True,False,False,False,,,29.671457387744205,32.193794980996316,True,True,False,False,0.4652799829002467,0.6834445232067314,0.4652799829002467,False,missing,min,none,none,0,moving_average,4,2.0,peak,12,-1,-1,12,False,0.46527998290024647,False,False,False,False,False,False,False,,,10.574712643678161
frame_000093.jpg,29.467764764700178,32.11602618048204,93,True,,,,0.0,False,False,False,False,False,1.5400950245869276,0.12,0.18,False,False,True,True,True,29.467764764700178,32.11602618048204,29.467764764700178,32.11602618048204,False,False,False,False,0.43432850044078175,0.6744379996080995,0.43432850044078175,False,both,min,none,none,0,moving_average,4,2.0,peak,12,-1,-1,12,False,0.46485044033609596,False,False,False,False,False,False,False,,,10.689655172413794
frame_000094.jpg,,,94,False,,,,0.0,False,False,False,False,False,1.5400950245869276,0.12,0.18,True,True,False,False,False,,,29.86666951376692,32.185354701842236,True,True,False,False,0.49494283766725955,0.682467041583284,0.49494283766725955,False,missing,min,none,none,0,moving_average,4,2.0,peak,12,-1,-1,12,False,0.49494283766725966,False,False,False,False,False,False,False,,,10.804597701149426
frame_000095.jpg,,,95,False,,,,0.0,False,False,False,False,False,1.5400950245869276,0.12,0.18,True,True,False,False,False,,,30.265574262833663,32.254683223202434,True,True,False,False,0.5555571748937378,0.6904960835584685,0.5555571748937378,False,missing,min,none,none,0,moving_average,4,2.0,peak,12,-1,-1,12,False,0.5555571748937376,False,False,False,False,False,False,False,,,10.919540229885058
frame_000096.jpg,,,96,False,,,,0.0,False,False,False,False,False,1.5400950245869276,0.12,0.18,True,True,False,False,False,,,30.664479011900404,32.32401174456263,True,True,False,False,0.6161715121202156,0.698525125533653,0.6161715121202156,False,missing,min,none,none,0,moving_average,4,2.0,peak,12,-1,-1,12,False,0.6161715121202156,False,False,False,False,False,False,False,,,11.03448275862069
frame_000097.jpg,,,97,False,,,,0.0,False,False,False,False,False,1.5400950245869276,0.12,0.18,True,True,False,False,False,,,31.063383760967145,32.39334026592283,True,True,False,False,0.6767858493466934,0.7065541675088375,0.6767858493466934,False,missing,min,none,none,0,moving_average,4,2.0,peak,12,-1,-1,12,False,0.669180190316977,False,False,False,False,False,False,False,,,11.149425287356323
frame_000098.jpg,,,98,False,,,,0.0,False,False,False,False,False,1.5400950245869276,0.12,0.18,True,True,False,False,False,,,31.46228851003389,32.46266878728303,True,True,False,False,0.7374001865731716,0.714583209484022,0.714583209484022,False,missing,min,none,none,0,moving_average,4,2.0,peak,12,-1,-1,12,False,0.7046604367633073,False,False,False,False,False,False,False,,,11.264367816091955
frame_000099.jpg,31.86119325910063,32.53199730864323,99,True,,,,0.0,False,False,False,False,False,1.5400950245869276,0.12,0.18,False,False,True,True,True,31.86119325910063,32.53199730864323,31.86119325910063,32.53199730864323,False,False,False,False,0.7980145237996494,0.7226122514592065,0.7226122514592065,False,both,min,none,none,0,moving_average,4,2.0,peak,12,-1,-1,12,False,0.7089343369717291,True,False,False,False,False,False,False,6,,11.379310344827587
frame_000100.jpg,,,100,False,,,,0.0,False,False,False,False,False,1.5400950245869276,0.12,0.18,True,True,False,False,False,,,31.872776547700674,32.24701098535364,True,True,False,False,0.7997746265886919,0.6896075499719592,0.6896075499719592,False,missing,min,none,none,0,moving_average,4,2.0,peak,12,-1,-1,12,False,0.6896075499719588,False,False,False,False,False,False,False,,,11.49425287356322
frame_000101.jpg,,,101,False,,,,0.0,False,False,False,False,False,1.5400950245869276,0.12,0.18,True,True,False,False,False,,,31.884359836300717,31.962024662064046,True,True,False,False,0.8015347293777343,0.6566028484847108,0.6566028484847108,False,missing,min,none,none,0,moving_average,4,2.0,peak,12,-1,-1,12,False,0.6566028484847112,False,False,False,False,False,False,False,,,11.609195402298852
frame_000102.jpg,,,102,False,,,,0.0,False,False,False,False,False,1.5400950245869276,0.12,0.18,True,True,False,False,False,,,31.89594312490076,31.67703833877446,True,True,False,False,0.8032948321667768,0.6235981469974635,0.6235981469974635,False,missing,min,none,none,0,moving_average,4,2.0,peak,12,-1,-1,12,False,0.6235981469974633,False,False,False,False,False,False,False,,,11.724137931034484
frame_000103.jpg,,,103,False,,,,0.0,False,False,False,False,False,1.5400950245869276,0.12,0.18,True,True,False,False,False,,,31.9075264135008,31.392052015484868,True,True,False,False,0.8050549349558186,0.5905934455102156,0.5905934455102156,False,missing,min,none,none,0,moving_average,4,2.0,peak,12,-1,-1,12,False,0.5905934455102156,False,False,False,False,False,False,False,,,11.839080459770116
frame_000104.jpg,,,104,False,,,,0.0,False,False,False,False,False,1.5400950245869276,0.12,0.18,True,True,False,False,False,,,31.919109702100844,31.107065692195278,True,True,False,False,0.8068150377448611,0.5575887440229679,0.5575887440229679,False,missing,min,none,none,0,moving_average,4,2.0,peak,12,-1,-1,12,False,0.5575887440229679,False,False,False,False,False,False,False,,,11.954022988505749
frame_000105.jpg,,,105,False,,,,0.0,False,False,False,False,False,1.5400950245869276,0.12,0.18,True,True,False,False,False,,,31.930692990700887,30.822079368905687,True,True,False,False,0.8085751405339034,0.5245840425357201,0.5245840425357201,False,missing,min,none,none,0,moving_average,4,2.0,peak,12,-1,-1,12,False,0.5245840425357201,False,False,False,False,False,False,False,,,12.06896551724138
frame_000106.jpg,,,106,False,,,,0.0,False,False,False,False,False,1.5400950245869276,0.12,0.18,True,True,False,False,False,,,31.94227627930093,30.537093045616096,True,True,False,False,0.8103352433229459,0.4915793410484723,0.4915793410484723,False,missing,min,none,none,0,moving_average,4,2.0,peak,12,-1,-1,12,False,0.49157934104847223,False,False,False,False,False,False,False,,,12.183908045977013
frame_000107.jpg,,,107,False,,,,0.0,False,False,False,False,False,1.5400950245869276,0.12,0.18,True,True,False,False,False,,,31.953859567900974,30.252106722326506,True,True,False,False,0.8120953461119883,0.45857463956122446,0.45857463956122446,False,missing,min,none,none,0,moving_average,4,2.0,peak,12,-1,-1,12,False,0.45857463956122446,False,False,False,False,False,False,False,,,12.298850574712645
frame_000108.jpg,,,108,False,,,,0.0,False,False,False,False,False,1.5400950245869276,0.12,0.18,True,True,False,False,False,,,31.965442856501014,29.967120399036915,True,True,False,False,0.8138554489010302,0.42556993807397664,0.42556993807397664,False,missing,min,none,none,0,moving_average,4,2.0,peak,12,-1,-1,12,False,0.42556993807397675,False,False,False,False,False,False,False,,,12.413793103448278
frame_000109.jpg,,,109,False,,,,0.0,False,False,False,False,False,1.5400950245869276,0.12,0.18,True,True,False,False,False,,,31.977026145101057,29.682134075747328,True,True,False,False,0.8156155516900727,0.39256523658672926,0.39256523658672926,False,missing,min,none,none,0,moving_average,4,2.0,peak,12,-1,-1,12,False,0.39256523658672904,False,False,False,False,False,False,False,,,12.52873563218391
frame_000110.jpg,,,110,False,,,,0.0,False,False,False,False,False,1.5400950245869276,0.12,0.18,True,True,False,False,False,,,31.9886094337011,29.397147752457737,True,True,False,False,0.8173756544791151,0.35956053509948144,0.35956053509948144,False,missing,min,none,none,0,moving_average,4,2.0,peak,12,-1,-1,12,False,0.3595605350994814,False,False,False,False,False,False,False,,,12.643678160919542
frame_000111.jpg,32.00019272230114,29.112161429168147,111,True,,,,0.0,False,False,False,False,False,1.5400950245869276,0.12,0.18,False,False,True,True,True,32.00019272230114,29.112161429168147,32.00019272230114,29.112161429168147,False,False,False,False,0.8191357572681576,0.32655583361223367,0.32655583361223367,False,both,min,none,none,0,moving_average,4,2.0,peak,12,-1,-1,12,False,0.369369301067612,False,False,False,False,False,False,False,,,12.758620689655173
frame_000112.jpg,31.42102356250645,29.93622188960127,112,True,0.18315509819345255,0.08520139816848954,0.06473403056358555,0.7100116514040795,False,False,False,False,False,1.5400950245869276,0.12,0.18,False,False,True,True,True,31.42102356250645,29.93622188960127,31.42102356250645,29.93622188960127,False,False,False,False,0.7311298991150428,0.4219915344911209,0.4219915344911209,False,both,min,none,none,0,moving_average,4,2.0,peak,12,-1,-1,12,False,0.4002615955818849,False,False,False,False,False,False,False,,,12.873563218390805
frame_000113.jpg,,,113,False,,,,0.0,False,False,False,False,False,1.5400950245869276,0.12,0.18,True,True,False,False,False,,,31.367916971921574,30.197386600399152,True,True,False,False,0.7230602514154575,0.4522374186423002,0.4522374186423002,False,missing,min,none,none,0,moving_average,4,2.0,peak,12,-1,-1,12,False,0.4522374186423003,False,False,False,False,False,False,False,,,12.988505747126437
frame_000114.jpg,,,114,False,,,,0.0,False,False,False,False,False,1.5400950245869276,0.12,0.18,True,True,False,False,False,,,31.314810381336702,30.458551311197038,True,True,False,False,0.7149906037158726,0.48248330279347995,0.48248330279347995,False,missing,min,none,none,0,moving_average,4,2.0,peak,12,-1,-1,12,False,0.4824833027934798,False,False,False,False,False,False,False,,,13.10344827586207
frame_000115.jpg,31.261703790751827,30.71971602199492,115,True,,,,0.0,False,False,False,False,False,1.5400950245869276,0.12,0.18,False,False,True,True,True,31.261703790751827,30.71971602199492,31.261703790751827,30.71971602199492,False,False,False,False,0.7069209560162872,0.5127291869446593,0.5127291869446593,False,both,min,none,none,0,moving_average,4,2.0,peak,12,-1,-1,12,False,0.5396192032177238,False,False,False,False,False,False,False,,,13.218390804597702
frame_000116.jpg,31.927575689323625,31.677443936718657,116,True,0.40775994938273974,0.08321996908277533,0.02602127707693616,0.6934997423564612,False,False,False,False,False,1.5400950245869276,0.12,0.18,False,False,True,True,True,31.927575689323625,31.677443936718657,31.927575689323625,31.677443936718657,False,False,False,False,0.8081014606457597,0.6236451199150322,0.6236451199150322,False,both,min,none,none,0,moving_average,4,2.0,peak,12,-1,-1,12,False,0.5874433206091525,True,False,False,False,False,False,False,7,,13.333333333333334
frame_000117.jpg,30.728868745848207,31.730559961878267,117,True,0.697454450531639,0.018901811316307623,0.010557469912754545,0.45286455666507,False,False,False,False,False,1.5400950245869276,0.12,0.18,False,False,True,True,True,30.728868745848207,31.730559961878267,30.728868745848207,31.730559961878267,False,False,False,False,0.6259556549677661,0.6297965679366297,0.6259556549677661,False,both,min,none,none,0,moving_average,4,2.0,peak,12,-1,-1,12,False,0.5770372469933466,False,False,False,False,False,False,False,,,13.448275862068966
frame_000118.jpg,29.778273969027808,31.30221994460445,118,True,0.223036946139644,0.10900429001058529,0.0027534361302383875,0.9083690834215441,False,False,False,False,False,1.5400950245869276,0.12,0.18,False,False,True,True,True,29.778273969027808,31.30221994460445,29.778273969027808,31.30221994460445,False,False,False,False,0.48151096609724164,0.5801898561408524,0.48151096609724164,False,both,min,none,none,0,moving_average,4,2.0,peak,12,-1,-1,12,False,0.5328868182175779,False,False,False,False,False,False,False,,,13.563218390804598
frame_000119.jpg,30.329551050975006,30.533764297017015,119,True,0.21945692017815757,0.10392748453251342,0.04832832660113183,0.8660623711042785,False,False,False,False,False,1.5400950245869276,0.12,0.18,False,False,True,True,True,30.329551050975006,30.533764297017015,30.329551050975006,30.533764297017015,False,False,False,False,0.5652785698386185,0.49119383358772606,0.49119383358772606,False,both,min,none,none,0,moving_average,4,2.0,peak,12,-1,-1,12,False,0.49441886067037855,False,False,False,False,False,False,False,,,13.67816091954023
frame_000120.jpg,30.801287224026346,30.700914744947244,120,True,0.04994583391053758,0.007654175426982537,0.002769470728203882,0.06378479522485447,False,False,False,False,False,1.5400950245869276,0.12,0.18,False,False,True,True,True,30.801287224026346,30.700914744947244,30.801287224026346,30.700914744947244,False,False,False,False,0.6369597808098068,0.5105517823261682,0.5105517823261682,False,both,min,none,none,0,moving_average,4,2.0,peak,12,-1,-1,12,False,0.4798168123971413,False,False,False,False,False,False,False,,,13.793103448275863
frame_000121.jpg,29.489984432154753,30.621599119527744,121,True,0.3082126508326126,0.004593771320178999,0.04739849881326272,0.2633249934070151,False,False,False,False,False,1.5400950245869276,0.12,0.18,False,False,True,True,True,29.489984432154753,30.621599119527744,29.489984432154753,30.621599119527744,False,False,False,False,0.43770482127752985,0.5013661185721048,0.43770482127752985,False,both,min,none,none,0,moving_average,4,2.0,peak,12,-1,-1,12,False,0.4722920179286446,False,False,False,False,False,False,False,,,13.908045977011495
frame_000122.jpg,30.365279968415106,30.338840839528817,122,True,0.09423443805830123,0.10913249564728593,0.05322749705211757,0.9094374637273828,False,False,False,False,False,1.5400950245869276,0.12,0.18,False,False,True,True,True,30.365279968415106,30.338840839528817,30.365279968415106,30.338840839528817,False,False,False,False,0.5707076469692315,0.46861945018223583,0.46861945018223583,False,both,min,none,none,0,moving_average,4,2.0,peak,12,-1,-1,12,False,0.4166269998660675,False,False,False,False,False,False,False,,,14.022988505747128
frame_000123.jpg,31.065787862805713,29.258959376288765,123,True,0.7769189206910246,0.020637779963347924,0.001350432910881029,0.5044616782002811,False,False,False,False,False,1.5400950245869276,0.12,0.18,False,False,True,True,True,31.065787862805713,29.258959376288765,31.065787862805713,29.258959376288765,False,False,False,False,0.6771511572050497,0.34355672813843685,0.34355672813843685,False,both,min,none,none,0,moving_average,4,2.0,peak,12,-1,-1,12,False,0.37958911835656717,False,False,False,False,False,False,False,,,14.13793103448276
frame_000124.jpg,,,124,False,,,,0.0,False,False,False,False,False,1.5400950245869276,0.12,0.18,True,True,False,False,False,,,31.055603021972598,29.11246660722324,True,True,False,False,0.6756035512206617,0.32659117674902893,0.32659117674902893,False,missing,min,none,none,0,moving_average,4,2.0,peak,12,-1,-1,12,False,0.32659117674902904,False,False,False,False,False,False,False,,,14.252873563218392
frame_000125.jpg,31.045418181139482,28.96597383815772,125,True,,,,0.0,False,False,False,False,False,1.5400950245869276,0.12,0.18,False,False,True,True,True,31.045418181139482,28.96597383815772,31.045418181139482,28.96597383815772,False,False,False,False,0.6740559452362738,0.30962562535962146,0.30962562535962146,False,both,min,none,none,0,moving_average,4,2.0,peak,12,-1,-1,12,False,0.33141376968546715,False,False,False,False,False,False,False,,,14.367816091954024
frame_000126.jpg,32.22568441178077,29.383884580978968,126,True,0.6739889730469563,0.05584264627280539,0.0864034367635977,0.48001909313109836,False,False,False,False,False,1.5400950245869276,0.12,0.18,False,False,True,True,True,32.22568441178077,29.383884580978968,32.22568441178077,29.383884580978968,False,False,False,False,0.8533996494375621,0.35802450694775106,0.35802450694775106,False,both,min,none,none,0,moving_average,4,2.0,peak,12,-1,-1,12,False,0.43164475009776004,False,False,False,False,False,False,False,,,14.482758620689657
frame_000127.jpg,32.96865146179048,31.708865662531792,127,True,1.2052457242032264,0.05584264627280547,0.0864034367635977,0.782578805178913,False,False,False,False,False,1.5400950245869276,0.12,0.18,False,False,True,True,True,32.96865146179048,31.708865662531792,32.96865146179048,31.708865662531792,False,False,False,False,0.966294909328076,0.6272841179859077,0.6272841179859077,False,both,min,none,none,0,moving_average,4,2.0,peak,12,-1,-1,12,False,0.531037689574158,False,False,False,False,False,False,False,,,14.597701149425289
frame_000128.jpg,32.497113370477365,31.540664149469983,128,True,1.1420222181976356,0.0,0.0,0.7415271135649179,False,False,False,False,False,1.5400950245869276,0.12,0.18,False,False,True,True,True,32.497113370477365,31.540664149469983,32.497113370477365,31.540664149469983,False,False,False,False,0.8946437972547006,0.6078044437888153,0.6078044437888153,False,both,min,none,none,0,moving_average,4,2.0,peak,12,-1,-1,12,False,0.6409124105594778,False,False,False,False,False,False,False,,,14.712643678160921
frame_000129.jpg,32.940622592535725,32.23009660639369,129,True,1.1074093069410629,0.0,0.0,0.7190525839391525,False,False,False,False,True,1.5400950245869276,0.12,0.18,False,False,True,True,True,32.940622592535725,32.23009660639369,32.940622592535725,32.23009660639369,False,False,True,True,0.9620358692011802,0.6876486699037105,0.6876486699037105,False,both,min,none,none,0,moving_average,4,2.0,peak,12,-1,-1,12,False,0.6595211438358272,False,False,False,False,False,False,False,,,14.827586206896553
frame_000130.jpg,32.534910258266365,32.19090921134733,130,True,0.5253910093319206,0.16595279821307196,0.07244215340356112,1.382939985108933,False,True,False,True,True,1.5400950245869276,0.12,0.18,False,False,True,True,True,32.534910258266365,32.19090921134733,32.534910258266365,32.19090921134733,False,False,True,True,0.9003871064229012,0.6831103178149559,0.6831103178149559,False,both,min,none,none,0,moving_average,4,2.0,peak,12,-1,-1,12,False,0.6796012254148381,True,False,False,False,False,False,False,8,,14.942528735632186
frame_000131.jpg,,,131,False,,,,0.0,False,False,False,False,True,1.5400950245869276,0.12,0.18,True,True,False,False,False,,,32.18995732220613,32.06082173575523,True,True,False,False,0.8479708500545916,0.668044688525848,0.668044688525848,False,missing,min,none,none,0,moving_average,4,2.0,peak,12,-1,-1,12,False,0.6680446885258481,False,False,False,False,False,False,False,,,15.057471264367818
frame_000132.jpg,31.845004386145906,31.93073426016314,132,True,,,,0.0,False,False,False,False,False,1.5400950245869276,0.12,0.18,False,False,True,True,True,31.845004386145906,31.93073426016314,31.845004386145906,31.93073426016314,False,False,False,False,0.7955545936862827,0.6529790592367404,0.6529790592367404,False,both,min,none,none,0,moving_average,4,2.0,peak,12,-1,-1,12,False,0.6489425942886045,False,False,False,False,False,False,False,,,15.17241379310345
frame_000133.jpg,,,133,False,,,,0.0,False,False,False,False,False,1.5400950245869276,0.12,0.18,True,True,False,False,False,,,30.889196204701285,31.696085562731085,True,True,False,False,0.6503177180425248,0.625804035103225,0.625804035103225,False,missing,min,none,none,0,moving_average,4,2.0,peak,12,-1,-1,12,False,0.5946213122462439,False,False,False,False,False,False,False,,,15.287356321839082
frame_000134.jpg,29.93338802325666,31.461436865299035,134,True,,,,0.0,False,False,False,False,False,1.5400950245869276,0.12,0.18,False,False,True,True,True,29.93338802325666,31.461436865299035,29.93338802325666,31.461436865299035,False,False,False,False,0.5050808423987665,0.59862901096971,0.5050808423987665,False,both,min,none,none,0,moving_average,4,2.0,peak,12,-1,-1,12,False,0.5453219066335859,False,False,False,False,False,False,False,,,15.402298850574715
frame_000135.jpg,29.93338802325666,31.461436865299035,135,True,0.0,0.0,0.0,0.0,False,False,False,False,False,1.5400950245869276,0.12,0.18,False,False,True,True,True,29.93338802325666,31.461436865299035,29.93338802325666,31.461436865299035,False,False,False,False,0.5050808423987665,0.59862901096971,0.5050808423987665,False,both,min,none,none,0,moving_average,4,2.0,peak,12,-1,-1,12,False,0.5372228625150922,False,False,False,False,False,False,False,,,15.517241379310347
frame_000136.jpg,,,136,False,,,,0.0,False,False,False,False,False,1.5400950245869276,0.12,0.18,True,True,False,False,False,,,30.56797078316187,31.51166748796739,True,True,False,False,0.6015069027477438,0.6044462961206293,0.6015069027477438,False,missing,min,none,none,0,moving_average,4,2.0,peak,12,-1,-1,12,False,0.5722837754726863,False,False,False,False,False,False,False,,,15.632183908045977
frame_000137.jpg,,,137,False,,,,0.0,False,False,False,False,False,1.5400950245869276,0.12,0.18,True,True,False,False,False,,,31.20255354306708,31.561898110635745,True,True,False,False,0.6979329630967216,0.6102635812715487,0.6102635812715487,False,missing,min,none,none,0,moving_average,4,2.0,peak,12,-1,-1,12,False,0.609283783480587,False,False,False,False,False,False,False,,,15.74712643678161
frame_000138.jpg,,,138,False,,,,0.0,False,False,False,False,False,1.5400950245869276,0.12,0.18,True,True,False,False,False,,,31.83713630297229,31.612128733304104,True,True,False,False,0.7943590234456994,0.6160808664224685,0.6160808664224685,False,missing,min,none,none,0,moving_average,4,2.0,peak,12,-1,-1,12,False,0.6160808664224684,False,False,False,False,False,False,False,,,15.862068965517242
frame_000139.jpg,32.4717190628775,31.66235935597246,139,True,,,,0.0,False,False,False,False,True,1.5400950245869276,0.12,0.18,False,False,True,True,True,32.4717190628775,31.66235935597246,32.4717190628775,31.66235935597246,False,False,True,True,0.8907850837946767,0.6218981515733879,0.6218981515733879,False,both,min,none,none,0,moving_average,4,2.0,peak,12,-1,-1,12,False,0.6170982876424824,False,False,False,False,False,False,False,,,15.977011494252874
frame_000140.jpg,32.13522239541609,31.588253549678935,140,True,1.5535045104880394,0.013333741866006327,0.058710932990360974,1.0087069211230706,True,False,False,True,True,1.5400950245869276,0.12,0.18,False,False,True,True,True,32.13522239541609,31.588253549678935,32.13522239541609,31.588253549678935,False,False,True,True,0.8396537735638252,0.6133158449315909,0.6133158449315909,False,both,min,none,none,0,moving_average,4,2.0,peak,12,-1,-1,12,False,0.6161766138121898,False,False,False,False,False,False,False,,,16.091954022988507
frame_000141.jpg,32.13522239541609,31.588253549678935,141,True,0.0,0.0,0.0,0.0,False,False,False,False,True,1.5400950245869276,0.12,0.18,False,False,True,True,True,32.13522239541609,31.588253549678935,32.13522239541609,31.588253549678935,False,False,True,True,0.8396537735638252,0.6133158449315909,0.6133158449315909,False,both,min,none,none,0,moving_average,4,2.0,peak,12,-1,-1,12,False,0.6085681292183908,False,False,False,False,False,False,False,,,16.20689655172414
frame_000142.jpg,32.151386131607325,31.46526797633704,142,True,0.9220693823492951,0.0,0.0,0.5987094092435014,False,False,False,False,False,1.5400950245869276,0.12,0.18,False,False,True,True,True,32.151386131607325,31.46526797633704,32.151386131607325,31.46526797633704,False,False,False,False,0.84210988409805,0.5990726977919906,0.5990726977919906,False,both,min,none,none,0,moving_average,4,2.0,peak,12,-1,-1,12,False,0.6111302110651753,False,False,False,False,False,False,False,,,16.32183908045977
frame_000143.jpg,32.517461087754995,31.65462212014738,143,True,0.5071574021124843,0.009587639512275056,0.04644703812230004,0.3293026690015508,False,False,False,False,False,1.5400950245869276,0.12,0.18,False,False,True,True,True,32.517461087754995,31.65462212014738,32.517461087754995,31.65462212014738,False,False,False,False,0.8977356716927483,0.6210020904719444,0.6210020904719444,False,both,min,none,none,0,moving_average,4,2.0,peak,12,-1,-1,12,False,0.6143282235417411,False,False,False,False,False,False,False,,,16.436781609195403
frame_000144.jpg,31.89339278217661,31.671095367037854,144,True,0.4892528292710658,0.0004803771981670881,0.02288692728529225,0.31767704035164285,False,False,False,False,False,1.5400950245869276,0.12,0.18,False,False,True,True,True,31.89339278217661,31.671095367037854,31.89339278217661,31.671095367037854,False,False,False,False,0.8029073027270132,0.6229098823612884,0.6229098823612884,False,both,min,none,none,0,moving_average,4,2.0,peak,12,-1,-1,12,False,0.6214638039824144,False,False,False,False,False,False,False,,,16.551724137931036
frame_000145.jpg,32.28030891007733,31.650109172532403,145,True,0.2764552174270691,0.09052998918522828,0.011979769791293516,0.7544165765435691,False,False,False,False,False,1.5400950245869276,0.12,0.18,False,False,True,True,True,32.28030891007733,31.650109172532403,32.28030891007733,31.650109172532403,False,False,False,False,0.8616999461081866,0.6204794391140106,0.6204794391140106,False,both,min,none,none,0,moving_average,4,2.0,peak,12,-1,-1,12,False,0.6316024849670868,False,False,False,False,False,False,False,,,16.666666666666668
frame_000146.jpg,31.905217257928047,31.917256104394525,146,True,0.11206179611402088,0.006563362372553354,0.026269852933299476,0.1459436274072193,False,False,False,False,False,1.5400950245869276,0.12,0.18,False,False,True,True,True,31.905217257928047,31.917256104394525,31.905217257928047,31.917256104394525,False,False,False,False,0.8047040543635902,0.6514181334259614,0.6514181334259614,False,both,min,none,none,0,moving_average,4,2.0,peak,12,-1,-1,12,False,0.635405315011417,False,False,False,False,False,False,False,,,16.7816091954023
frame_000147.jpg,31.56222542223362,31.76960447364325,147,True,0.05909521131319419,0.03626828069099429,0.017514016817404117,0.3022356724249524,False,False,False,False,False,1.5400950245869276,0.12,0.18,False,False,True,True,True,31.56222542223362,31.76960447364325,31.56222542223362,31.76960447364325,False,False,False,False,0.752585790935164,0.6343183724942788,0.6343183724942788,False,both,min,none,none,0,moving_average,4,2.0,peak,12,-1,-1,12,False,0.6683729944629493,False,False,False,False,False,False,False,,,16.896551724137932
frame_000148.jpg,31.599264397532547,32.50410911777464,148,True,0.01523037210766755,0.05541962366420588,0.013392841427505513,0.4618301972017157,False,False,False,False,False,1.5400950245869276,0.12,0.18,False,False,True,True,True,31.599264397532547,32.50410911777464,31.599264397532547,32.50410911777464,False,False,False,False,0.7582139338553595,0.7193824774686076,0.7193824774686076,False,both,min,none,none,0,moving_average,4,2.0,peak,12,-1,-1,12,False,0.6897895404256151,False,False,False,False,False,False,False,,,17.011494252873565
frame_000149.jpg,31.31926684136169,34.37335711685399,149,True,0.1019858731534622,0.01763171403835065,0.0293223416537721,0.16290189807651168,False,False,False,False,False,1.5400950245869276,0.12,0.18,False,False,True,True,True,31.31926684136169,34.37335711685399,31.31926684136169,34.37335711685399,False,False,False,False,0.7156677713139592,0.9358629439805337,0.7156677713139592,False,both,min,none,none,0,moving_average,4,2.0,peak,12,-1,-1,12,False,0.6905892546303167,True,False,False,False,False,False,False,9,,17.126436781609197
frame_000150.jpg,30.79969286626784,34.92716257359076,150,True,0.21648008878262925,0.07175813462499543,0.02431096917927031,0.5979844552082952,False,False,False,False,True,1.5400950245869276,0.12,0.18,False,False,True,True,True,30.79969286626784,34.92716257359076,30.79969286626784,34.92716257359076,False,False,True,True,0.6367175151083835,1.0,0.6367175151083835,False,both,min,none,none,0,moving_average,4,2.0,peak,12,-1,-1,12,False,0.6488574139086136,False,False,False,False,False,False,False,,,17.24137931034483
frame_000151.jpg,30.51979799216824,33.08371251382572,151,True,0.23643615607546922,0.18043913182808025,0.040584997657993026,1.5036594319006689,False,True,False,True,True,1.5400950245869276,0.12,0.18,False,False,True,True,True,30.51979799216824,33.08371251382572,30.51979799216824,33.08371251382572,False,False,True,True,0.5941869553034983,0.7865072322527956,0.5941869553034983,False,both,min,none,none,0,moving_average,4,2.0,peak,12,-1,-1,12,False,0.6154655020983473,False,False,False,False,False,False,False,,,17.35632183908046
frame_000152.jpg,31.073607147302855,31.607044347053773,152,True,0.7193095375826768,0.0,0.0,0.4670552960039621,False,False,False,False,True,1.5400950245869276,0.12,0.18,False,False,True,True,True,31.073607147302855,31.607044347053773,31.073607147302855,31.607044347053773,False,False,True,True,0.6783393123936966,0.6154920358831604,0.6154920358831604,False,both,min,none,none,0,moving_average,4,2.0,peak,12,-1,-1,12,False,0.6086292177625303,False,False,False,False,False,False,False,,,17.471264367816094
frame_000153.jpg,,,153,False,,,,0.0,False,False,False,False,False,1.5400950245869276,0.12,0.18,True,True,False,False,False,,,31.090603121270092,31.613232213078092,True,True,False,False,0.6809218830448427,0.6162086621009323,0.6162086621009323,False,missing,min,none,none,0,moving_average,4,2.0,peak,12,-1,-1,12,False,0.6162086621009323,False,False,False,False,False,False,False,,,17.586206896551726
frame_000154.jpg,,,154,False,,,,0.0,False,False,False,False,False,1.5400950245869276,0.12,0.18,True,True,False,False,False,,,31.107599095237326,31.61942007910241,True,True,False,False,0.6835044536959882,0.6169252883187042,0.6169252883187042,False,missing,min,none,none,0,moving_average,4,2.0,peak,12,-1,-1,12,False,0.616925288318704,False,False,False,False,False,False,False,,,17.70114942528736
frame_000155.jpg,,,155,False,,,,0.0,False,False,False,False,False,1.5400950245869276,0.12,0.18,True,True,False,False,False,,,31.124595069204563,31.625607945126728,True,True,False,False,0.6860870243471343,0.6176419145364758,0.6176419145364758,False,missing,min,none,none,0,moving_average,4,2.0,peak,12,-1,-1,12,False,0.6176419145364759,False,False,False,False,False,False,False,,,17.81609195402299
frame_000156.jpg,,,156,False,,,,0.0,False,False,False,False,False,1.5400950245869276,0.12,0.18,True,True,False,False,False,,,31.141591043171797,31.631795811151047,True,True,False,False,0.6886695949982798,0.6183585407542477,0.6183585407542477,False,missing,min,none,none,0,moving_average,4,2.0,peak,12,-1,-1,12,False,0.6183585407542477,False,False,False,False,False,False,False,,,17.931034482758623
frame_000157.jpg,,,157,False,,,,0.0,False,False,False,False,False,1.5400950245869276,0.12,0.18,True,True,False,False,False,,,31.158587017139034,31.637983677175367,True,True,False,False,0.6912521656494259,0.6190751669720196,0.6190751669720196,False,missing,min,none,none,0,moving_average,4,2.0,peak,12,-1,-1,12,False,0.6190751669720196,False,False,False,False,False,False,False,,,18.045977011494255
frame_000158.jpg,,,158,False,,,,0.0,False,False,False,False,False,1.5400950245869276,0.12,0.18,True,True,False,False,False,,,31.175582991106268,31.644171543199686,True,True,False,False,0.6938347363005714,0.6197917931897915,0.6197917931897915,False,missing,min,none,none,0,moving_average,4,2.0,peak,12,-1,-1,12,False,0.6197917931897915,False,False,False,False,False,False,False,,,18.160919540229887
frame_000159.jpg,,,159,False,,,,0.0,False,False,False,False,False,1.5400950245869276,0.12,0.18,True,True,False,False,False,,,31.192578965073505,31.650359409224006,True,True,False,False,0.6964173069517174,0.6205084194075635,0.6205084194075635,False,missing,min,none,none,0,moving_average,4,2.0,peak,12,-1,-1,12,False,0.6205084194075633,False,False,False,False,False,False,False,,,18.27586206896552
frame_000160.jpg,,,160,False,,,,0.0,False,False,False,False,False,1.5400950245869276,0.12,0.18,True,True,False,False,False,,,31.209574939040742,31.65654727524832,True,True,False,False,0.6989998776028635,0.621225045625335,0.621225045625335,False,missing,min,none,none,0,moving_average,4,2.0,peak,12,-1,-1,12,False,0.6212250456253351,False,False,False,False,False,False,False,,,18.390804597701152
frame_000161.jpg,,,161,False,,,,0.0,False,False,False,False,False,1.5400950245869276,0.12,0.18,True,True,False,False,False,,,31.226570913007976,31.66273514127264,True,True,False,False,0.7015824482540091,0.6219416718431069,0.6219416718431069,False,missing,min,none,none,0,moving_average,4,2.0,peak,12,-1,-1,12,False,0.6219416718431069,False,False,False,False,False,False,False,,,18.505747126436784
frame_000162.jpg,,,162,False,,,,0.0,False,False,False,False,False,1.5400950245869276,0.12,0.18,True,True,False,False,False,,,31.243566886975213,31.66892300729696,True,True,False,False,0.7041650189051551,0.6226582980608789,0.6226582980608789,False,missing,min,none,none,0,moving_average,4,2.0,peak,12,-1,-1,12,False,0.6226582980608788,False,False,False,False,False,False,False,,,18.620689655172416
frame_000163.jpg,,,163,False,,,,0.0,False,False,False,False,False,1.5400950245869276,0.12,0.18,True,True,False,False,False,,,31.260562860942446,31.67511087332128,True,True,False,False,0.7067475895563007,0.6233749242786508,0.6233749242786508,False,missing,min,none,none,0,moving_average,4,2.0,peak,12,-1,-1,12,False,0.6233749242786508,False,False,False,False,False,False,False,,,18.73563218390805
frame_000164.jpg,,,164,False,,,,0.0,False,False,False,False,False,1.5400950245869276,0.12,0.18,True,True,False,False,False,,,31.277558834909684,31.6812987393456,True,True,False,False,0.7093301602074468,0.6240915504964227,0.6240915504964227,False,missing,min,none,none,0,moving_average,4,2.0,peak,12,-1,-1,12,False,0.6240915504964227,False,False,False,False,False,False,False,,,18.85057471264368
frame_000165.jpg,,,165,False,,,,0.0,False,False,False,False,False,1.5400950245869276,0.12,0.18,True,True,False,False,False,,,31.294554808876917,31.68748660536992,True,True,False,False,0.7119127308585923,0.6248081767141946,0.6248081767141946,False,missing,min,none,none,0,moving_average,4,2.0,peak,12,-1,-1,12,False,0.6248081767141944,False,False,False,False,False,False,False,,,18.965517241379313
frame_000166.jpg,,,166,False,,,,0.0,False,False,False,False,False,1.5400950245869276,0.12,0.18,True,True,False,False,False,,,31.311550782844154,31.693674471394235,True,True,False,False,0.7144953015097383,0.6255248029319662,0.6255248029319662,False,missing,min,none,none,0,moving_average,4,2.0,peak,12,-1,-1,12,False,0.6255248029319663,False,False,False,False,False,False,False,,,19.080459770114945
frame_000167.jpg,,,167,False,,,,0.0,False,False,False,False,False,1.5400950245869276,0.12,0.18,True,True,False,False,False,,,31.32854675681139,31.699862337418555,True,True,False,False,0.7170778721608844,0.6262414291497381,0.6262414291497381,False,missing,min,none,none,0,moving_average,4,2.0,peak,12,-1,-1,12,False,0.6262414291497381,False,False,False,False,False,False,False,,,19.195402298850578
frame_000168.jpg,,,168,False,,,,0.0,False,False,False,False,False,1.5400950245869276,0.12,0.18,True,True,False,False,False,,,31.345542730778625,31.706050203442874,True,True,False,False,0.7196604428120299,0.62695805536751,0.62695805536751,False,missing,min,none,none,0,moving_average,4,2.0,peak,12,-1,-1,12,False,0.62695805536751,False,False,False,False,False,False,False,,,19.31034482758621
frame_000169.jpg,,,169,False,,,,0.0,False,False,False,False,False,1.5400950245869276,0.12,0.18,True,True,False,False,False,,,31.362538704745862,31.712238069467194,True,True,False,False,0.722243013463176,0.627674681585282,0.627674681585282,False,missing,min,none,none,0,moving_average,4,2.0,peak,12,-1,-1,12,False,0.627674681585282,False,False,False,False,False,False,False,,,19.425287356321842
frame_000170.jpg,,,170,False,,,,0.0,False,False,False,False,False,1.5400950245869276,0.12,0.18,True,True,False,False,False,,,31.379534678713096,31.718425935491513,True,True,False,False,0.7248255841143215,0.628391307803054,0.628391307803054,False,missing,min,none,none,0,moving_average,4,2.0,peak,12,-1,-1,12,False,0.6283913078030537,False,False,False,False,False,False,False,,,19.540229885057474
frame_000171.jpg,,,171,False,,,,0.0,False,False,False,False,False,1.5400950245869276,0.12,0.18,True,True,False,False,False,,,31.396530652680333,31.72461380151583,True,True,False,False,0.7274081547654676,0.6291079340208254,0.6291079340208254,False,missing,min,none,none,0,moving_average,4,2.0,peak,12,-1,-1,12,False,0.6291079340208255,False,False,False,False,False,False,False,,,19.655172413793107
frame_000172.jpg,,,172,False,,,,0.0,False,False,False,False,False,1.5400950245869276,0.12,0.18,True,True,False,False,False,,,31.413526626647567,31.73080166754015,True,True,False,False,0.7299907254166131,0.6298245602385973,0.6298245602385973,False,missing,min,none,none,0,moving_average,4,2.0,peak,12,-1,-1,12,False,0.6298245602385973,False,False,False,False,False,False,False,,,19.77011494252874
frame_000173.jpg,31.430522600614804,31.73698953356447,173,True,,,,0.0,False,False,False,False,False,1.5400950245869276,0.12,0.18,False,False,True,True,True,31.430522600614804,31.73698953356447,31.430522600614804,31.73698953356447,False,False,False,False,0.7325732960677591,0.6305411864563694,0.6305411864563694,False,both,min,none,none,0,moving_average,4,2.0,peak,12,-1,-1,12,False,0.6303023110504453,False,False,False,False,False,False,False,,,19.885057471264368
frame_000174.jpg,31.430522600614804,31.73698953356447,174,True,0.0,0.0,0.0,0.0,False,False,False,False,False,1.5400950245869276,0.12,0.18,False,False,True,True,True,31.430522600614804,31.73698953356447,31.430522600614804,31.73698953356447,False,False,False,False,0.7325732960677591,0.6305411864563694,0.6305411864563694,False,both,min,none,none,0,moving_average,4,2.0,peak,12,-1,-1,12,False,0.6281537301248991,False,False,False,False,False,False,False,,,20.0
frame_000175.jpg,31.20198238731292,31.67514448986519,175,True,0.6684472846665742,0.01349906480628416,0.06032418335495889,0.4340298968538386,False,False,False,False,True,1.5400950245869276,0.12,0.18,False,False,True,True,True,31.20198238731292,31.67514448986519,31.20198238731292,31.67514448986519,False,False,True,True,0.6978461748908343,0.6233788174619586,0.6233788174619586,False,both,min,none,none,0,moving_average,4,2.0,peak,12,-1,-1,12,False,0.6305811984825975,False,False,False,False,False,False,False,,,20.114942528735632
frame_000176.jpg,31.854420215900348,31.79987105507403,176,True,1.4228265825333484,0.142495946020749,0.01343586220138549,1.187466216839575,False,True,False,True,True,1.5400950245869276,0.12,0.18,False,False,True,True,True,31.854420215900348,31.79987105507403,31.854420215900348,31.79987105507403,False,False,True,True,0.7969853469709655,0.6378235915294649,0.6378235915294649,False,both,min,none,none,0,moving_average,4,2.0,peak,12,-1,-1,12,False,0.6283334364589986,False,False,False,False,False,False,False,,,20.229885057471265
frame_000177.jpg,32.120687245205524,31.678763153151703,177,True,0.6154067578233683,0.048686497079831095,0.04901321170400385,0.4057208089985925,False,False,False,False,True,1.5400950245869276,0.12,0.18,False,False,True,True,True,32.120687245205524,31.678763153151703,32.120687245205524,31.678763153151703,False,False,True,True,0.8374451297746445,0.6237979003855726,0.6237979003855726,False,both,min,none,none,0,moving_average,4,2.0,peak,12,-1,-1,12,False,0.6226671790563948,False,False,False,False,False,False,False,,,20.344827586206897
frame_000178.jpg,,,178,False,,,,0.0,False,False,False,False,False,1.5400950245869276,0.12,0.18,True,True,False,False,False,,,32.08469323898325,31.52836486836753,True,True,False,False,0.8319757718981257,0.6063800452541469,0.6063800452541469,False,missing,min,none,none,0,moving_average,4,2.0,peak,12,-1,-1,12,False,0.6063800452541468,False,False,False,False,False,False,False,,,20.45977011494253
frame_000179.jpg,,,179,False,,,,0.0,False,False,False,False,False,1.5400950245869276,0.12,0.18,True,True,False,False,False,,,32.048699232760974,31.377966583583355,True,True,False,False,0.826506414021607,0.5889621901227211,0.5889621901227211,False,missing,min,none,none,0,moving_average,4,2.0,peak,12,-1,-1,12,False,0.5889621901227211,False,False,False,False,False,False,False,,,20.57471264367816
frame_000180.jpg,,,180,False,,,,0.0,False,False,False,False,False,1.5400950245869276,0.12,0.18,True,True,False,False,False,,,32.0127052265387,31.22756829879918,True,True,False,False,0.8210370561450883,0.5715443349912954,0.5715443349912954,False,missing,min,none,none,0,moving_average,4,2.0,peak,12,-1,-1,12,False,0.5715443349912954,False,False,False,False,False,False,False,,,20.689655172413794
frame_000181.jpg,,,181,False,,,,0.0,False,False,False,False,False,1.5400950245869276,0.12,0.18,True,True,False,False,False,,,31.976711220316428,31.077170014015007,True,True,False,False,0.8155676982685701,0.5541264798598697,0.5541264798598697,False,missing,min,none,none,0,moving_average,4,2.0,peak,12,-1,-1,12,False,0.5541264798598697,False,False,False,False,False,False,False,,,20.804597701149426
frame_000182.jpg,31.940717214094153,30.926771729230833,182,True,,,,0.0,False,False,False,False,False,1.5400950245869276,0.12,0.18,False,False,True,True,True,31.940717214094153,30.926771729230833,31.940717214094153,30.926771729230833,False,False,False,False,0.8100983403920514,0.5367086247284439,0.5367086247284439,False,both,min,none,none,0,moving_average,4,2.0,peak,12,-1,-1,12,False,0.5425145764389192,False,False,False,False,False,False,False,,,20.919540229885058
frame_000183.jpg,31.940717214094153,30.926771729230833,183,True,0.0,0.0,0.0,0.0,False,False,False,False,False,1.5400950245869276,0.12,0.18,False,False,True,True,True,31.940717214094153,30.926771729230833,31.940717214094153,30.926771729230833,False,False,False,False,0.8100983403920514,0.5367086247284439,0.5367086247284439,False,both,min,none,none,0,moving_average,4,2.0,peak,12,-1,-1,12,False,0.533841874812817,False,False,False,False,False,False,False,,,21.03448275862069
frame_000184.jpg,31.959472587130637,30.852510989266776,184,True,0.01536569831178106,0.0,0.0,0.00997711054608616,False,False,False,False,False,1.5400950245869276,0.12,0.18,False,False,True,True,True,31.959472587130637,30.852510989266776,31.959472587130637,30.852510989266776,False,False,False,False,0.8129482550864779,0.528108374981563,0.528108374981563,False,both,min,none,none,0,moving_average,4,2.0,peak,12,-1,-1,12,False,0.5352324846762603,False,False,False,False,False,False,False,,,21.149425287356323
frame_000185.jpg,32.06962838703578,30.962794305493134,185,True,0.02003943593900182,0.0,0.0,0.013011817854795448,False,False,False,False,False,1.5400950245869276,0.12,0.18,False,False,True,True,True,32.06962838703578,30.962794305493134,32.06962838703578,30.962794305493134,False,False,False,False,0.8296866389200217,0.540880454318774,0.540880454318774,False,both,min,none,none,0,moving_average,4,2.0,peak,12,-1,-1,12,False,0.5406807885886916,False,False,False,False,False,False,False,,,21.264367816091955
frame_000186.jpg,31.99133361644846,31.06790544929505,186,True,0.0342066779513258,0.0,0.0,0.02221075804105039,False,False,False,False,False,1.5400950245869276,0.12,0.18,False,False,True,True,True,31.99133361644846,31.06790544929505,31.99133361644846,31.06790544929505,False,False,False,False,0.8177895992418721,0.5530535364657381,0.5530535364657381,False,both,min,none,none,0,moving_average,4,2.0,peak,12,-1,-1,12,False,0.5606197765608414,False,False,False,False,False,False,False,,,21.379310344827587
frame_000187.jpg,32.27409668114873,31.369013664604758,187,True,0.06373849632618915,0.0,0.0,0.041386080279874025,False,False,False,False,False,1.5400950245869276,0.12,0.18,False,False,True,True,True,32.27409668114873,31.369013664604758,32.27409668114873,31.369013664604758,False,False,False,False,0.8607559860774088,0.5879253388980122,0.5879253388980122,False,both,min,none,none,0,moving_average,4,2.0,peak,12,-1,-1,12,False,0.5756512349804478,False,False,False,False,False,False,False,,,21.49425287356322
frame_000188.jpg,32.26913181992642,31.3521715647002,188,True,0.022802520043590194,0.0,0.0,0.014805917608691781,False,False,False,False,False,1.5400950245869276,0.12,0.18,False,False,True,True,True,32.26913181992642,31.3521715647002,32.26913181992642,31.3521715647002,False,False,False,False,0.860001565948003,0.5859748295775931,0.5859748295775931,False,both,min,none,none,0,moving_average,4,2.0,peak,12,-1,-1,12,False,0.5902210305407822,False,False,False,False,False,False,False,,,21.60919540229885
frame_000189.jpg,32.45203257132702,31.44532372130321,189,True,0.04973328685363062,0.029624398838552078,0.06863578754803806,0.3813099308224337,False,False,False,False,False,1.5400950245869276,0.12,0.18,False,False,True,True,True,32.45203257132702,31.44532372130321,32.45203257132702,31.44532372130321,False,False,False,False,0.8877936838666518,0.5967629231467416,0.5967629231467416,False,both,min,none,none,0,moving_average,4,2.0,peak,12,-1,-1,12,False,0.5912194011117936,False,False,False,False,False,False,False,,,21.724137931034484
frame_000190.jpg,32.44489051302077,31.394875612644764,190,True,0.006587303880267667,0.01664481930026781,0.004779559635213017,0.13870682750223173,False,False,False,False,False,1.5400950245869276,0.12,0.18,False,False,True,True,True,32.44489051302077,31.394875612644764,32.44489051302077,31.394875612644764,False,False,False,False,0.886708434489003,0.5909204506110461,0.5909204506110461,False,both,min,none,none,0,moving_average,4,2.0,peak,12,-1,-1,12,False,0.6018976949929731,False,False,False,False,False,False,False,,,21.839080459770116
frame_000191.jpg,32.37703629305993,31.628783766150853,191,True,0.0571581369348995,0.03914724773752192,0.05722279923279867,0.32622706447934935,False,False,False,False,False,1.5400950245869276,0.12,0.18,False,False,True,True,True,32.37703629305993,31.628783766150853,32.37703629305993,31.628783766150853,False,False,False,False,0.8763978563859132,0.6180097112211317,0.6180097112211317,False,both,min,none,none,0,moving_average,4,2.0,peak,12,-1,-1,12,False,0.6075819211196658,False,False,False,False,False,False,False,,,21.95402298850575
frame_000192.jpg,32.32091947106203,31.592568807451194,192,True,0.008110593376001217,0.007370388388378234,0.007359748270387033,0.06141990323648529,False,False,False,False,False,1.5400950245869276,0.12,0.18,False,False,True,True,True,32.32091947106203,31.592568807451194,32.32091947106203,31.592568807451194,False,False,False,False,0.8678707982834034,0.6138156015268195,0.6138156015268195,False,both,min,none,none,0,moving_average,4,2.0,peak,12,-1,-1,12,False,0.6171127705087882,False,False,False,False,False,False,False,,,22.06896551724138
frame_000193.jpg,32.357431709170214,31.6417642317964,193,True,0.01523337696993821,0.019756875756080594,0.0009096890830023299,0.16464063130067164,False,False,False,False,False,1.5400950245869276,0.12,0.18,False,False,True,True,True,32.357431709170214,31.6417642317964,32.357431709170214,31.6417642317964,False,False,False,False,0.8734189024831176,0.6195129987784136,0.6195129987784136,False,both,min,none,none,0,moving_average,4,2.0,peak,12,-1,-1,12,False,0.6175449323583686,False,False,False,False,False,False,False,,,22.183908045977013
frame_000194.jpg,32.361283657588906,31.639978554562333,194,True,0.010967171474221325,0.012772324524273446,0.0022669616560759102,0.10643603770227872,False,False,False,False,False,1.5400950245869276,0.12,0.18,False,False,True,True,True,32.361283657588906,31.639978554562333,32.361283657588906,31.639978554562333,False,False,False,False,0.874004213389984,0.6193061967698726,0.6193061967698726,False,both,min,none,none,0,moving_average,4,2.0,peak,12,-1,-1,12,False,0.6190108344331116,True,False,False,False,False,False,False,10,,22.298850574712645
frame_000195.jpg,32.17785647159723,31.630541764977714,195,True,0.007568310461473229,0.021247060278616007,0.010099423914438303,0.1770588356551334,False,False,False,False,True,1.5400950245869276,0.12,0.18,False,False,True,True,True,32.17785647159723,31.630541764977714,32.17785647159723,31.630541764977714,False,False,True,True,0.8461321027314492,0.6182133077510483,0.6182133077510483,False,both,min,none,none,0,moving_average,4,2.0,peak,12,-1,-1,12,False,0.6140920490864141,False,False,False,False,False,False,False,,,22.413793103448278
frame_000196.jpg,32.197393692712666,31.514347243806284,196,True,0.05963080603712419,0.12101846577514291,0.007649092765720712,1.0084872147928576,False,True,False,True,True,1.5400950245869276,0.12,0.18,False,False,True,True,True,32.197393692712666,31.514347243806284,32.197393692712666,31.514347243806284,False,False,True,True,0.8491008207322498,0.6047566427383214,0.6047566427383214,False,both,min,none,none,0,moving_average,4,2.0,peak,12,-1,-1,12,False,0.6131494534059443,False,False,False,False,False,False,False,,,22.52873563218391
frame_000197.jpg,32.27699095938556,31.615561408044933,197,True,0.349400040452592,0.037058380903812756,0.0010697591270518647,0.30881984086510633,False,False,False,False,True,1.5400950245869276,0.12,0.18,False,False,True,True,True,32.27699095938556,31.615561408044933,32.27699095938556,31.615561408044933,False,False,True,True,0.8611957771741178,0.6164784097284634,0.6164784097284634,False,both,min,none,none,0,moving_average,4,2.0,peak,12,-1,-1,12,False,0.6058331372925012,False,False,False,False,False,False,False,,,22.643678160919542
frame_000198.jpg,32.33584914109807,31.441018763535013,198,True,0.45805356811465087,0.04170045739909054,0.006004284150935122,0.34750381165908784,False,False,False,False,False,1.5400950245869276,0.12,0.18,False,False,True,True,True,32.33584914109807,31.441018763535013,32.33584914109807,31.441018763535013,False,False,False,False,0.8701393901123103,0.5962643594107191,0.5962643594107191,False,both,min,none,none,0,moving_average,4,2.0,peak,12,-1,-1,12,False,0.5983233374999011,False,False,False,False,False,False,False,,,22.758620689655174
frame_000199.jpg,32.499136881741606,31.319812210757043,199,True,0.5415775347327778,0.020316587490545792,0.05272170178894606,0.35165202541838975,False,False,False,False,False,1.5400950245869276,0.12,0.18,False,False,True,True,True,32.499136881741606,31.319812210757043,32.499136881741606,31.319812210757043,False,False,False,False,0.8949512736496025,0.582227243360521,0.582227243360521,False,both,min,none,none,0,moving_average,4,2.0,peak,12,-1,-1,12,False,0.5697442294054115,False,False,False,False,False,False,False,,,22.873563218390807
frame_000200.jpg,32.08917511720282,30.875243704348268,200,True,0.6366982930378833,0.029742980284298486,0.012450373477884623,0.4134149405544983,False,False,False,False,False,1.5400950245869276,0.12,0.18,False,False,True,True,True,32.08917511720282,30.875243704348268,32.08917511720282,30.875243704348268,False,False,False,False,0.8326568018393453,0.5307410854449943,0.5307410854449943,False,both,min,none,none,0,moving_average,4,2.0,peak,12,-1,-1,12,False,0.587328555547546,False,False,False,False,False,False,False,,,22.98850574712644
frame_000201.jpg,32.60911943884283,31.896525909088947,201,True,0.4967929247358845,0.004784316298474848,0.033197285033074446,0.3225729041421522,False,False,False,False,False,1.5400950245869276,0.12,0.18,False,False,True,True,True,32.60911943884283,31.896525909088947,32.60911943884283,31.896525909088947,False,False,False,False,0.9116633329087633,0.649017337837123,0.649017337837123,False,both,min,none,none,0,moving_average,4,2.0,peak,12,-1,-1,12,False,0.5951693128655884,False,False,False,False,False,False,False,,,23.10344827586207
frame_000202.jpg,,,202,False,,,,0.0,False,False,False,False,False,1.5400950245869276,0.12,0.18,True,True,False,False,False,,,32.472738738643855,31.522920419513742,True,True,False,False,0.8909400254716265,0.6057495153146479,0.6057495153146479,False,missing,min,none,none,0,moving_average,4,2.0,peak,12,-1,-1,12,False,0.605749515314648,True,False,False,False,False,False,False,11,,23.218390804597703
frame_000203.jpg,,,203,False,,,,0.0,False,False,False,False,False,1.5400950245869276,0.12,0.18,True,True,False,False,False,,,32.33635803844487,31.14931492993854,True,True,False,False,0.8702167180344887,0.5624816927921733,0.5624816927921733,False,missing,min,none,none,0,moving_average,4,2.0,peak,12,-1,-1,12,False,0.5624816927921732,False,False,False,False,False,False,False,,,23.333333333333336
frame_000204.jpg,,,204,False,,,,0.0,False,False,False,False,False,1.5400950245869276,0.12,0.18,True,True,False,False,False,,,32.199977338245894,30.775709440363336,True,True,False,False,0.8494934105973521,0.5192138702696982,0.5192138702696982,False,missing,min,none,none,0,moving_average,4,2.0,peak,12,-1,-1,12,False,0.5192138702696983,False,False,False,False,False,False,False,,,23.448275862068968
frame_000205.jpg,,,205,False,,,,0.0,False,False,False,False,False,1.5400950245869276,0.12,0.18,True,True,False,False,False,,,32.06359663804692,30.402103950788135,True,True,False,False,0.8287701031602153,0.47594604774722354,0.47594604774722354,False,missing,min,none,none,0,moving_average,4,2.0,peak,12,-1,-1,12,False,0.4759460477472234,False,False,False,False,False,False,False,,,23.5632183908046
frame_000206.jpg,,,206,False,,,,0.0,False,False,False,False,False,1.5400950245869276,0.12,0.18,True,True,False,False,False,,,31.927215937847937,30.02849846121293,True,True,False,False,0.808046795723078,0.4326782252247485,0.4326782252247485,False,missing,min,none,none,0,moving_average,4,2.0,peak,12,-1,-1,12,False,0.4326782252247486,False,False,False,False,False,False,False,,,23.678160919540232
frame_000207.jpg,,,207,False,,,,0.0,False,False,False,False,False,1.5400950245869276,0.12,0.18,True,True,False,False,False,,,31.79083523764896,29.65489297163773,True,True,False,False,0.7873234882859413,0.38941040270227384,0.38941040270227384,False,missing,min,none,none,0,moving_average,4,2.0,peak,12,-1,-1,12,False,0.38941040270227373,False,False,False,False,False,False,False,,,23.793103448275865
frame_000208.jpg,,,208,False,,,,0.0,False,False,False,False,False,1.5400950245869276,0.12,0.18,True,True,False,False,False,,,31.65445453744998,29.281287482062524,True,True,False,False,0.7666001808488041,0.3461425801797988,0.3461425801797988,False,missing,min,none,none,0,moving_average,4,2.0,peak,12,-1,-1,12,False,0.34614258017979893,False,False,False,False,False,False,False,,,23.908045977011497
frame_000209.jpg,,,209,False,,,,0.0,False,False,False,False,False,1.5400950245869276,0.12,0.18,True,True,False,False,False,,,31.518073837251002,28.907681992487323,True,True,False,False,0.7458768734116673,0.30287475765732413,0.30287475765732413,False,missing,min,none,none,0,moving_average,4,2.0,peak,12,-1,-1,12,False,0.302874757657324,False,False,False,False,False,False,False,,,24.02298850574713
frame_000210.jpg,,,210,False,,,,0.0,False,False,False,False,False,1.5400950245869276,0.12,0.18,True,True,False,False,False,,,31.38169313705202,28.534076502912118,True,True,False,False,0.7251535659745301,0.2596069351348491,0.2596069351348491,False,missing,min,none,none,0,moving_average,4,2.0,peak,12,-1,-1,12,False,0.2596069351348492,False,False,False,False,False,False,False,,,24.13793103448276
frame_000211.jpg,,,211,False,,,,0.0,False,False,False,False,False,1.5400950245869276,0.12,0.18,True,True,False,False,False,,,31.245312436853045,28.160471013336917,True,True,False,False,0.7044302585373934,0.21633911261237446,0.21633911261237446,False,missing,min,none,none,0,moving_average,4,2.0,peak,12,-1,-1,12,False,0.21633911261237432,False,False,False,False,False,False,False,,,24.252873563218394
frame_000212.jpg,,,212,False,,,,0.0,False,False,False,False,False,1.5400950245869276,0.12,0.18,True,True,False,False,False,,,31.108931736654064,27.786865523761712,True,True,False,False,0.683706951100256,0.1730712900898994,0.1730712900898994,False,missing,min,none,none,0,moving_average,4,2.0,peak,12,-1,-1,12,False,0.17307129008989938,False,False,False,False,False,False,False,,,24.367816091954026
frame_000213.jpg,,,213,False,,,,0.0,False,False,False,False,False,1.5400950245869276,0.12,0.18,True,True,False,False,False,,,30.972551036455087,27.413260034186507,True,True,False,False,0.6629836436631193,0.12980346756742434,0.12980346756742434,False,missing,min,none,none,0,moving_average,4,2.0,peak,12,-1,-1,12,False,0.12980346756742447,False,False,False,False,False,False,False,,,24.48275862068966
frame_000214.jpg,,,214,False,,,,0.0,False,False,False,False,False,1.5400950245869276,0.12,0.18,True,True,False,False,False,,,30.836170336256107,27.039654544611306,True,True,False,False,0.6422603362259821,0.0865356450449497,0.0865356450449497,False,missing,min,none,none,0,moving_average,4,2.0,peak,12,-1,-1,12,False,0.0865356450449497,False,False,False,False,False,False,False,,,24.59770114942529
frame_000215.jpg,,,215,False,,,,0.0,False,False,False,False,False,1.5400950245869276,0.12,0.18,True,True,False,False,False,,,30.69978963605713,26.666049055036105,True,True,False,False,0.6215370287888453,0.043267822522475054,0.043267822522475054,False,missing,min,none,none,0,moving_average,4,2.0,peak,12,-1,-1,12,False,0.04326782252247492,False,False,False,False,False,False,False,,,24.712643678160923
frame_000216.jpg,30.56340893585815,26.2924435654609,216,True,,,,0.0,False,False,False,False,False,1.5400950245869276,0.12,0.18,False,False,True,True,True,30.56340893585815,26.2924435654609,30.56340893585815,26.2924435654609,False,False,False,False,0.6008137213517081,0.0,0.0,False,both,min,none,none,0,moving_average,4,2.0,peak,12,-1,-1,12,False,0.017391352882764635,False,False,False,False,False,False,False,,,24.827586206896555
frame_000217.jpg,31.21714404759506,26.3693464118274,217,True,0.3229990911845563,0.0,0.0,0.20972672856416025,False,False,False,False,False,1.5400950245869276,0.12,0.18,False,False,True,True,True,31.21714404759506,26.3693464118274,31.21714404759506,26.3693464118274,False,False,False,False,0.700150018079979,0.008906236125818852,0.008906236125818852,False,both,min,none,none,0,moving_average,4,2.0,peak,12,-1,-1,12,False,0.10552675402677196,False,False,False,False,False,False,False,,,24.942528735632187
frame_000218.jpg,30.739632874616934,28.949122325678037,218,True,0.37386291529878785,0.0,0.0,0.24275314790985866,False,False,False,False,False,1.5400950245869276,0.12,0.18,False,False,True,True,True,30.739632874616934,28.949122325678037,30.739632874616934,28.949122325678037,False,False,False,False,0.627591284858519,0.30767402595449705,0.30767402595449705,False,both,min,none,none,0,moving_average,4,2.0,peak,12,-1,-1,12,False,0.2769501265383524,False,False,False,False,False,False,False,,,25.05747126436782
frame_000219.jpg,31.585202214800034,30.73302152465131,219,True,0.5164337358167922,0.0,0.0,0.3353258906574976,False,False,False,False,False,1.5400950245869276,0.12,0.18,False,False,True,True,True,31.585202214800034,30.73302152465131,31.585202214800034,30.73302152465131,False,False,False,False,0.7560771583762933,0.5142701175347413,0.5142701175347413,False,both,min,none,none,0,moving_average,4,2.0,peak,12,-1,-1,12,False,0.46148262762343284,False,False,False,False,False,False,False,,,25.172413793103452
frame_000220.jpg,31.871972175851557,31.14950529603867,220,True,0.5686785786912073,0.0,0.0,0.36924902010103816,False,False,False,False,False,1.5400950245869276,0.12,0.18,False,False,True,True,True,31.871972175851557,31.14950529603867,31.871972175851557,31.14950529603867,False,False,False,False,0.7996524007524942,0.5625037393810604,0.5625037393810604,False,both,min,none,none,0,moving_average,4,2.0,peak,12,-1,-1,12,False,0.5579092745038028,False,False,False,False,False,False,False,,,25.287356321839084
frame_000221.jpg,32.74088995337779,31.446973327802507,221,True,0.6211065949654573,0.02595549681250036,0.01102583405329067,0.40329108597181895,False,False,False,False,False,1.5400950245869276,0.12,0.18,False,False,True,True,True,32.74088995337779,31.446973327802507,32.74088995337779,31.446973327802507,False,False,False,False,0.9316861138438481,0.596953966595607,0.596953966595607,False,both,min,none,none,0,moving_average,4,2.0,peak,12,-1,-1,12,False,0.5699879906045056,False,False,False,False,False,False,False,,,25.402298850574716
frame_000222.jpg,32.76602405735013,31.045910483176936,222,True,0.47826057369693326,0.07413172924970812,0.022198283270689095,0.6177644104142344,False,False,False,False,False,1.5400950245869276,0.12,0.18,False,False,True,True,True,32.76602405735013,31.045910483176936,32.76602405735013,31.045910483176936,False,False,False,False,0.93550528886653,0.5505062658368495,0.5505062658368495,False,both,min,none,none,0,moving_average,4,2.0,peak,12,-1,-1,12,False,0.582097311495922,False,False,False,False,False,False,False,,,25.517241379310345
frame_000223.jpg,32.40756582870009,31.46318704586864,223,True,0.40209876104900216,0.1000872260622084,0.011172449217398427,0.8340602171850701,False,False,False,False,False,1.5400950245869276,0.12,0.18,False,False,True,True,True,32.40756582870009,31.46318704586864,32.40756582870009,31.46318704586864,False,False,False,False,0.8810368775381807,0.5988317020553096,0.5988317020553096,False,both,min,none,none,0,moving_average,4,2.0,peak,12,-1,-1,12,False,0.5857648627597316,False,False,False,False,False,False,False,,,25.632183908045977
frame_000224.jpg,32.311204183051025,31.54197815163523,224,True,0.26346385824332674,0.0,0.0,0.17106987168794405,False,False,False,False,False,1.5400950245869276,0.12,0.18,False,False,True,True,True,32.311204183051025,31.54197815163523,32.311204183051025,31.54197815163523,False,False,False,False,0.8663945417456486,0.6079566203870359,0.6079566203870359,False,both,min,none,none,0,moving_average,4,2.0,peak,12,-1,-1,12,False,0.6110527069713243,False,False,False,False,False,False,False,,,25.74712643678161
frame_000225.jpg,31.17311899931903,31.700970770442332,225,True,0.23540382785102,0.0,0.0,0.15285019696376084,False,False,False,False,False,1.5400950245869276,0.12,0.18,False,False,True,True,True,31.17311899931903,31.700970770442332,31.17311899931903,31.700970770442332,False,False,False,False,0.6934603280503204,0.6263697984716273,0.6263697984716273,False,both,min,none,none,0,moving_average,4,2.0,peak,12,-1,-1,12,False,0.6210859314284607,True,False,False,False,False,False,False,12,,25.862068965517242
frame_000226.jpg,32.21493902568348,31.72308926766725,226,True,0.1283155882562242,0.0,0.0,0.08331666956111361,False,False,False,False,False,1.5400950245869276,0.12,0.18,False,False,True,True,True,32.21493902568348,31.72308926766725,32.21493902568348,31.72308926766725,False,False,False,False,0.8517668675314712,0.6289313754267188,0.6289313754267188,False,both,min,none,none,0,moving_average,4,2.0,peak,12,-1,-1,12,False,0.6174272484260724,False,False,False,False,False,False,False,,,25.977011494252874
frame_000227.jpg,32.15288761717321,31.4472030526389,227,True,0.1578173205753834,0.0,0.0,0.10247245660553442,False,False,False,False,False,1.5400950245869276,0.12,0.18,False,False,True,True,True,32.15288761717321,31.4472030526389,32.15288761717321,31.4472030526389,False,False,False,False,0.8423380376927213,0.5969805713798713,0.5969805713798713,False,both,min,none,none,0,moving_average,4,2.0,peak,12,-1,-1,12,False,0.6079041463994928,False,False,False,False,False,False,False,,,26.091954022988507
frame_000228.jpg,31.812828325160144,31.45428284018653,228,True,0.2914576492896826,0.0,0.0,0.18924653650371678,False,False,False,False,False,1.5400950245869276,0.12,0.18,False,False,True,True,True,31.812828325160144,31.45428284018653,31.812828325160144,31.45428284018653,False,False,False,False,0.7906653798682631,0.5978004923918883,0.5978004923918883,False,both,min,none,none,0,moving_average,4,2.0,peak,12,-1,-1,12,False,0.5562971238413383,False,False,False,False,False,False,False,,,26.20689655172414
frame_000229.jpg,30.61153300634767,30.3862528517596,229,True,0.22230868461248,0.0,0.0,0.14434738185853557,False,False,False,False,False,1.5400950245869276,0.12,0.18,False,False,True,True,True,30.61153300634767,30.3862528517596,30.61153300634767,30.3862528517596,False,False,False,False,0.6081262656224573,0.47411030775225554,0.47411030775225554,False,both,min,none,none,0,moving_average,4,2.0,peak,12,-1,-1,12,False,0.5246238480938895,False,False,False,False,False,False,False,,,26.32183908045977
frame_000230.jpg,30.808858628405652,30.626733544200196,230,True,0.5500587693401852,0.0,0.0,0.3571589808153024,False,False,False,False,False,1.5400950245869276,0.12,0.18,False,False,True,True,True,30.808858628405652,30.626733544200196,30.808858628405652,30.626733544200196,False,False,False,False,0.6381102701419067,0.5019607441375248,0.5019607441375248,False,both,min,none,none,0,moving_average,4,2.0,peak,12,-1,-1,12,False,0.4933739714964003,False,False,False,False,False,False,False,,,26.436781609195403
frame_000231.jpg,,,231,False,,,,0.0,False,False,False,False,False,1.5400950245869276,0.12,0.18,True,True,False,False,False,,,30.918463276356167,30.644781129812372,True,True,False,False,0.6547649053850443,0.5040508625994208,0.5040508625994208,False,missing,min,none,none,0,moving_average,4,2.0,peak,12,-1,-1,12,False,0.5040508625994208,False,False,False,False,False,False,False,,,26.551724137931036
frame_000232.jpg,,,232,False,,,,0.0,False,False,False,False,False,1.5400950245869276,0.12,0.18,True,True,False,False,False,,,31.028067924306683,30.66282871542455,True,True,False,False,0.6714195406281819,0.5061409810613168,0.5061409810613168,False,missing,min,none,none,0,moving_average,4,2.0,peak,12,-1,-1,12,False,0.5061409810613168,False,False,False,False,False,False,False,,,26.666666666666668
frame_000233.jpg,,,233,False,,,,0.0,False,False,False,False,False,1.5400950245869276,0.12,0.18,True,True,False,False,False,,,31.1376725722572,30.680876301036726,True,True,False,False,0.6880741758713196,0.5082310995232128,0.5082310995232128,False,missing,min,none,none,0,moving_average,4,2.0,peak,12,-1,-1,12,False,0.5082310995232128,False,False,False,False,False,False,False,,,26.7816091954023
frame_000234.jpg,,,234,False,,,,0.0,False,False,False,False,False,1.5400950245869276,0.12,0.18,True,True,False,False,False,,,31.247277220207714,30.698923886648902,True,True,False,False,0.7047288111144572,0.5103212179851088,0.5103212179851088,False,missing,min,none,none,0,moving_average,4,2.0,peak,12,-1,-1,12,False,0.5103212179851088,False,False,False,False,False,False,False,,,26.896551724137932
frame_000235.jpg,31.35688186815823,30.71697147226108,235,True,,,,0.0,False,False,False,False,False,1.5400950245869276,0.12,0.18,False,False,True,True,True,31.35688186815823,30.71697147226108,31.35688186815823,30.71697147226108,False,False,False,False,0.7213834463575949,0.5124113364470049,0.5124113364470049,False,both,min,none,none,0,moving_average,4,2.0,peak,12,-1,-1,12,False,0.5175911494266687,False,False,False,False,False,False,False,,,27.011494252873565
frame_000236.jpg,,,236,False,,,,0.0,False,False,False,False,False,1.5400950245869276,0.12,0.18,True,True,False,False,False,,,31.37425933065148,30.86919774665544,True,True,False,False,0.7240239849176663,0.5300408938478925,0.5300408938478925,False,missing,min,none,none,0,moving_average,4,2.0,peak,12,-1,-1,12,False,0.5300408938478924,False,False,False,False,False,False,False,,,27.126436781609197
frame_000237.jpg,,,237,False,,,,0.0,False,False,False,False,False,1.5400950245869276,0.12,0.18,True,True,False,False,False,,,31.39163679314473,31.0214240210498,True,True,False,False,0.7266645234777378,0.5476704512487799,0.5476704512487799,False,missing,min,none,none,0,moving_average,4,2.0,peak,12,-1,-1,12,False,0.54767045124878,False,False,False,False,False,False,False,,,27.24137931034483
frame_000238.jpg,,,238,False,,,,0.0,False,False,False,False,False,1.5400950245869276,0.12,0.18,True,True,False,False,False,,,31.40901425563798,31.173650295444162,True,True,False,False,0.7293050620378092,0.5653000086496677,0.5653000086496677,False,missing,min,none,none,0,moving_average,4,2.0,peak,12,-1,-1,12,False,0.5653000086496676,False,False,False,False,False,False,False,,,27.35632183908046
frame_000239.jpg,,,239,False,,,,0.0,False,False,False,False,False,1.5400950245869276,0.12,0.18,True,True,False,False,False,,,31.42639171813123,31.325876569838524,True,True,False,False,0.7319456005978807,0.5829295660505555,0.5829295660505555,False,missing,min,none,none,0,moving_average,4,2.0,peak,12,-1,-1,12,False,0.5829295660505555,False,False,False,False,False,False,False,,,27.471264367816094
frame_000240.jpg,,,240,False,,,,0.0,False,False,False,False,False,1.5400950245869276,0.12,0.18,True,True,False,False,False,,,31.443769180624482,31.478102844232886,True,True,False,False,0.7345861391579521,0.6005591234514432,0.6005591234514432,False,missing,min,none,none,0,moving_average,4,2.0,peak,12,-1,-1,12,False,0.6005591234514431,False,False,False,False,False,False,False,,,27.586206896551726
frame_000241.jpg,,,241,False,,,,0.0,False,False,False,False,False,1.5400950245869276,0.12,0.18,True,True,False,False,False,,,31.461146643117733,31.630329118627245,True,True,False,False,0.7372266777180236,0.6181886808523306,0.6181886808523306,False,missing,min,none,none,0,moving_average,4,2.0,peak,12,-1,-1,12,False,0.6181886808523307,False,False,False,False,False,False,False,,,27.70114942528736
frame_000242.jpg,,,242,False,,,,0.0,False,False,False,False,False,1.5400950245869276,0.12,0.18,True,True,False,False,False,,,31.47852410561098,31.782555393021607,True,True,False,False,0.7398672162780945,0.6358182382532184,0.6358182382532184,False,missing,min,none,none,0,moving_average,4,2.0,peak,12,-1,-1,12,False,0.6358182382532184,False,False,False,False,False,False,False,,,27.81609195402299
frame_000243.jpg,,,243,False,,,,0.0,False,False,False,False,False,1.5400950245869276,0.12,0.18,True,True,False,False,False,,,31.49590156810423,31.93478166741597,True,True,False,False,0.742507754838166,0.6534477956541062,0.6534477956541062,False,missing,min,none,none,0,moving_average,4,2.0,peak,12,-1,-1,12,False,0.6534477956541059,False,False,False,False,False,False,False,,,27.931034482758623
frame_000244.jpg,,,244,False,,,,0.0,False,False,False,False,False,1.5400950245869276,0.12,0.18,True,True,False,False,False,,,31.51327903059748,32.08700794181033,True,True,False,False,0.7451482933982374,0.6710773530549935,0.6710773530549935,False,missing,min,none,none,0,moving_average,4,2.0,peak,12,-1,-1,12,False,0.6710773530549937,False,False,False,False,False,False,False,,,28.045977011494255
frame_000245.jpg,,,245,False,,,,0.0,False,False,False,False,False,1.5400950245869276,0.12,0.18,True,True,False,False,False,,,31.53065649309073,32.23923421620469,True,True,False,False,0.7477888319583089,0.6887069104558816,0.6887069104558816,False,missing,min,none,none,0,moving_average,4,2.0,peak,12,-1,-1,12,False,0.6887069104558813,False,False,False,False,False,False,False,,,28.160919540229887
frame_000246.jpg,,,246,False,,,,0.0,False,False,False,False,False,1.5400950245869276,0.12,0.18,True,True,False,False,False,,,31.548033955583982,32.39146049059905,True,True,False,False,0.7504293705183803,0.706336467856769,0.706336467856769,False,missing,min,none,none,0,moving_average,4,2.0,peak,12,-1,-1,12,False,0.706336467856769,False,False,False,False,False,False,False,,,28.27586206896552
frame_000247.jpg,,,247,False,,,,0.0,False,False,False,False,False,1.5400950245869276,0.12,0.18,True,True,False,False,False,,,31.565411418077232,32.54368676499341,True,True,False,False,0.7530699090784518,0.7239660252576564,0.7239660252576564,False,missing,min,none,none,0,moving_average,4,2.0,peak,12,-1,-1,12,False,0.7239660252576565,False,False,False,False,False,False,False,,,28.390804597701152
frame_000248.jpg,,,248,False,,,,0.0,False,False,False,False,False,1.5400950245869276,0.12,0.18,True,True,False,False,False,,,31.582788880570483,32.695913039387776,True,True,False,False,0.7557104476385232,0.7415955826585445,0.7415955826585445,False,missing,min,none,none,0,moving_average,4,2.0,peak,12,-1,-1,12,False,0.7413041980382652,False,False,False,False,False,False,False,,,28.505747126436784
frame_000249.jpg,31.600166343063734,32.848139313782134,249,True,,,,0.0,False,False,False,False,False,1.5400950245869276,0.12,0.18,False,False,True,True,True,31.600166343063734,32.848139313782134,31.600166343063734,32.848139313782134,False,False,False,False,0.7583509861985948,0.7592251400594319,0.7583509861985948,False,both,min,none,none,0,moving_average,4,2.0,peak,12,-1,-1,12,False,0.7527658516852447,False,False,False,False,False,False,False,,,28.620689655172416
frame_000250.jpg,,,250,False,,,,0.0,False,False,False,False,False,1.5400950245869276,0.12,0.18,True,True,False,False,False,,,31.600166343063734,32.848139313782134,True,True,False,False,0.7583509861985948,0.7592251400594319,0.7583509861985948,False,missing,min,none,none,0,moving_average,4,2.0,peak,12,-1,-1,12,False,0.7583509861985946,False,False,False,False,False,False,False,,,28.73563218390805
frame_000251.jpg,,,251,False,,,,0.0,False,False,False,False,False,1.5400950245869276,0.12,0.18,True,True,False,False,False,,,31.600166343063734,32.848139313782134,True,True,False,False,0.7583509861985948,0.7592251400594319,0.7583509861985948,False,missing,min,none,none,0,moving_average,4,2.0,peak,12,-1,-1,12,False,0.7583509861985946,False,False,False,False,False,False,False,,,28.85057471264368
frame_000252.jpg,,,252,False,,,,0.0,False,False,False,False,False,1.5400950245869276,0.12,0.18,True,True,False,False,False,,,31.600166343063734,32.848139313782134,True,True,False,False,0.7583509861985948,0.7592251400594319,0.7583509861985948,False,missing,min,none,none,0,moving_average,4,2.0,peak,12,-1,-1,12,False,0.7583509861985946,False,False,False,False,False,False,False,,,28.965517241379313
frame_000253.jpg,,,253,False,,,,0.0,False,False,False,False,False,1.5400950245869276,0.12,0.18,True,True,False,False,False,,,31.600166343063734,32.848139313782134,True,True,False,False,0.7583509861985948,0.7592251400594319,0.7583509861985948,False,missing,min,none,none,0,moving_average,4,2.0,peak,12,-1,-1,12,False,0.7583509861985946,False,False,False,False,False,False,False,,,29.080459770114945
frame_000254.jpg,,,254,False,,,,0.0,False,False,False,False,False,1.5400950245869276,0.12,0.18,True,True,False,False,False,,,31.600166343063734,32.848139313782134,True,True,False,False,0.7583509861985948,0.7592251400594319,0.7583509861985948,False,missing,min,none,none,0,moving_average,4,2.0,peak,12,-1,-1,12,False,0.7583509861985946,False,False,False,False,False,False,False,,,29.195402298850578
frame_000255.jpg,,,255,False,,,,0.0,False,False,False,False,False,1.5400950245869276,0.12,0.18,True,True,False,False,False,,,31.600166343063734,32.848139313782134,True,True,False,False,0.7583509861985948,0.7592251400594319,0.7583509861985948,False,missing,min,none,none,0,moving_average,4,2.0,peak,12,-1,-1,12,False,0.7583509861985946,False,False,False,False,False,False,False,,,29.31034482758621
frame_000256.jpg,,,256,False,,,,0.0,False,False,False,False,False,1.5400950245869276,0.12,0.18,True,True,False,False,False,,,31.600166343063734,32.848139313782134,True,True,False,False,0.7583509861985948,0.7592251400594319,0.7583509861985948,False,missing,min,none,none,0,moving_average,4,2.0,peak,12,-1,-1,12,False,0.7583509861985946,False,False,False,False,False,False,False,,,29.425287356321842
frame_000257.jpg,,,257,False,,,,0.0,False,False,False,False,False,1.5400950245869276,0.12,0.18,True,True,False,False,False,,,31.600166343063734,32.848139313782134,True,True,False,False,0.7583509861985948,0.7592251400594319,0.7583509861985948,False,missing,min,none,none,0,moving_average,4,2.0,peak,12,-1,-1,12,False,0.7583509861985946,False,False,False,False,False,False,False,,,29.540229885057474
frame_000258.jpg,,,258,False,,,,0.0,False,False,False,False,False,1.5400950245869276,0.12,0.18,True,True,False,False,False,,,31.600166343063734,32.848139313782134,True,True,False,False,0.7583509861985948,0.7592251400594319,0.7583509861985948,False,missing,min,none,none,0,moving_average,4,2.0,peak,12,-1,-1,12,False,0.7583509861985946,False,False,False,False,False,False,False,,,29.655172413793107
frame_000259.jpg,,,259,False,,,,0.0,False,False,False,False,False,1.5400950245869276,0.12,0.18,True,True,False,False,False,,,31.600166343063734,32.848139313782134,True,True,False,False,0.7583509861985948,0.7592251400594319,0.7583509861985948,False,missing,min,none,none,0,moving_average,4,2.0,peak,12,-1,-1,12,False,0.7583509861985946,False,False,False,False,False,False,False,,,29.77011494252874
frame_000260.jpg,,,260,False,,,,0.0,False,False,False,False,False,1.5400950245869276,0.12,0.18,True,True,False,False,False,,,31.600166343063734,32.848139313782134,True,True,False,False,0.7583509861985948,0.7592251400594319,0.7583509861985948,False,missing,min,none,none,0,moving_average,4,2.0,peak,12,-1,-1,12,False,,False,False,False,False,False,False,False,,,29.88505747126437
