frame_name,source_frame,source_pts_seconds,playback_seconds,left_temp,left_x,left_y,left_conf,right_temp,right_x,right_y,right_conf,left_source,right_source
source_000000,0,0.0,0.0,33.14619431686588,433.2364501953125,959.0213012695312,0.9999958276748657,31.679139110977594,214.23748779296875,959.1901245117188,0.9987636804580688,detected,detected
source_000001,1,0.1716666666666667,0.1136363636363636,32.96589196300514,437.650390625,951.2977294921875,0.9999886751174927,31.729927128652335,214.19334411621094,951.47216796875,0.9995935559272766,detected,detected
source_000002,2,0.3166666666666667,0.2272727272727272,33.057511300481444,452.03900146484375,944.5557861328125,0.9999771118164062,32.01226655243297,227.3547821044922,944.7374267578125,0.9997714161872864,detected,detected
source_000003,3,0.4316666666666667,0.3409090909090909,32.73874826203731,462.425537109375,944.0545654296875,0.9999856948852539,31.69418051741618,239.13363647460938,944.2678833007812,0.9999034404754639,detected,detected
source_000004,4,0.535,0.4545454545454545,32.423573209832234,464.47064208984375,944.416015625,0.9999892711639404,31.567872924141888,238.31536865234375,944.6488037109375,0.9998589754104614,detected,detected
source_000005,5,0.6566666666666667,0.5681818181818181,32.418451764536044,461.84197998046875,944.0921020507812,0.9999892711639404,31.44734049691287,236.13282775878906,944.3140869140625,0.9998821020126343,detected,detected
source_000006,6,0.7666666666666667,0.6818181818181818,32.4501251096723,459.5248107910156,946.7511596679688,0.9999918937683105,31.315772114707766,236.0760498046875,946.95458984375,0.9999250173568726,detected,detected
source_000007,7,0.8966666666666667,0.7954545454545454,32.649174189340485,461.51141357421875,946.187255859375,0.9999594688415527,31.34817279368605,233.5763702392578,946.367919921875,0.9998737573623657,detected,detected
source_000008,8,0.9583333333333334,0.9090909090909092,33.0979640684581,442.0679016113281,955.73876953125,0.9999960660934448,31.453523015963295,215.87002563476562,955.9378662109375,0.9990103244781494,detected,detected
source_000009,9,1.1483333333333334,1.0227272727272727,33.15440392471968,437.4779052734375,955.1997680664062,0.9999927282333374,31.404432705879845,208.56204223632812,955.381103515625,0.9989880919456482,detected,detected
source_000010,10,1.221666666666667,1.1363636363636362,33.30272976516487,450.2046203613281,941.17041015625,0.9999880790710449,31.668273477004156,218.58660888671875,941.3916625976562,0.9995942711830139,detected,detected
source_000011,11,1.3383333333333334,1.25,33.20376387626791,484.2278747558594,916.3902587890625,0.9999939203262329,31.73073241576347,258.4356994628906,916.5302734375,0.999924898147583,detected,detected
source_000012,12,1.4483333333333337,1.3636363636363635,32.4217568115106,531.5353393554688,891.9601440429688,0.9999978542327881,31.33503999712587,303.5115966796875,892.12109375,0.9999380111694336,detected,detected
source_000013,13,1.5666666666666669,1.477272727272727,32.908196535903905,567.3245849609375,871.0888671875,0.999998927116394,31.04139514837309,345.99786376953125,871.2587280273438,0.9999841451644897,detected,detected
source_000014,14,1.665,1.5909090909090908,33.059489472682586,585.7799072265625,863.5806884765625,0.9999898672103882,31.440591882342556,379.2647399902344,863.6567993164062,0.9999783039093018,detected,detected
source_000015,15,1.7983333333333331,1.7045454545454544,32.917147787837514,606.9234619140625,871.402099609375,0.9992916584014893,31.78629667894634,393.4090881347656,871.299072265625,0.9999737739562988,detected,detected
source_000016,16,1.905,1.818181818181818,32.774907123072516,619.000244140625,861.8792114257812,0.9985483288764954,31.542352433811615,411.4872131347656,861.6779174804688,0.9999891519546509,detected,detected
source_000017,17,2.025,1.9318181818181817,31.887507864055998,646.5664672851562,863.90478515625,0.999767005443573,31.16167623621991,427.32281494140625,863.88232421875,0.9999668598175049,detected,detected
source_000018,18,2.131666666666667,2.0454545454545454,31.612488578490275,633.6498413085938,875.0489501953125,0.9975572824478149,31.13409950585519,409.94451904296875,874.9253540039062,0.9999427795410156,detected,detected
source_000019,19,2.248333333333333,2.1590909090909087,32.25590349453766,639.1975708007812,874.8670043945312,0.9999938011169434,31.138406831436505,415.66766357421875,874.9859619140625,0.9999715089797974,detected,detected
source_000020,20,2.3683333333333336,2.2727272727272725,32.40063373433486,661.7761840820312,865.4576416015625,0.9999939203262329,31.269983253923897,454.3016052246094,865.5655517578125,0.9999723434448242,detected,detected
source_000021,21,2.495,2.386363636363636,,700.9888305664062,861.4863891601562,0.2341754138469696,32.232374253812324,503.2155456542969,860.6611938476562,0.999977707862854,missing,detected
source_000022,22,2.5983333333333336,2.5,,703.2155151367188,865.4228515625,0.2182226926088333,32.80013127878172,522.9321899414062,864.4141235351562,0.9999761581420898,missing,detected
source_000023,23,2.7,2.6136363636363638,,717.7247924804688,866.904296875,0.009207190945744514,33.16804693319259,549.0873413085938,865.3185424804688,0.9999836683273315,missing,detected
source_000024,24,2.8200000000000003,2.727272727272727,,735.2074584960938,865.6199340820312,0.020515166223049164,33.2041206559646,568.9844360351562,864.3456420898438,0.9999616146087646,missing,detected
source_000025,25,2.958333333333333,2.840909090909091,,754.1958618164062,869.3338623046875,0.030117463320493698,31.973409929315608,584.9374389648438,868.1512451171875,0.999929666519165,missing,detected
source_000026,26,3.0333333333333337,2.954545454545454,,743.81494140625,884.19384765625,0.0011102722492069006,31.468080498123072,596.397216796875,882.294677734375,0.9997978806495667,missing,detected
source_000027,27,3.1583333333333337,3.068181818181818,,747.5222778320312,888.41357421875,0.0013231333578005433,30.98067696619878,610.077392578125,886.6314697265625,0.9998471736907959,missing,detected
source_000028,28,3.2833333333333337,3.1818181818181817,,749.157958984375,892.1566162109375,0.0011104694567620754,31.035542448615313,609.4122314453125,890.2915649414062,0.9998863935470581,missing,detected
source_000029,29,3.361666666666667,3.295454545454545,,749.1954956054688,892.886962890625,0.0011273849522694945,31.065542642673154,606.2172241210938,891.0121459960938,0.99989914894104,missing,detected
source_000030,30,3.5050000000000003,3.4090909090909087,,749.8464965820312,889.4298706054688,0.0006629428244195879,31.82562054690013,602.5529174804688,887.3744506835938,0.9999103546142578,missing,detected
source_000031,31,3.621666666666667,3.5227272727272725,,755.4523315429688,884.2996215820312,0.0013133985921740532,32.238904601981865,596.6388549804688,882.5125122070312,0.9998780488967896,missing,detected
source_000032,32,3.73,3.636363636363636,,741.7006225585938,893.0281982421875,0.0016728838672861457,32.10132344555929,573.5422973632812,891.0294799804688,0.9998968839645386,missing,detected
source_000033,33,3.843333333333334,3.75,,748.2275390625,887.6963500976562,0.011343561112880707,32.28370344277295,580.5745849609375,886.3699951171875,0.9998676776885986,missing,detected
source_000034,34,3.943333333333334,3.8636363636363633,,755.89013671875,883.775390625,0.007083692587912083,31.897750145992845,595.1224365234375,882.4601440429688,0.9997658133506775,missing,detected
source_000035,35,3.983333333333333,3.977272727272727,,764.9520263671875,875.72265625,0.0003982704074587673,31.762494878463347,621.9144897460938,873.0593872070312,0.9999300241470337,missing,detected
source_000036,36,4.093333333333334,4.090909090909091,,784.6480712890625,877.86328125,0.0014905212447047234,31.515574962031202,620.185546875,875.8148193359375,0.9997417330741882,missing,detected
source_000037,37,4.275,4.204545454545454,,773.1094360351562,884.8943481445312,0.0019488639663904905,31.342501259876926,615.052490234375,883.0023803710938,0.9998413324356079,missing,detected
source_000038,38,4.335,4.3181818181818175,,783.2655029296875,897.5799560546875,0.00021519322763197124,31.26410701121299,616.5577392578125,894.8856811523438,0.9997946619987488,missing,detected
source_000039,39,4.4366666666666665,4.431818181818182,,766.7686157226562,900.5672607421875,0.0006381599814631045,32.414106924544484,622.546630859375,898.1302490234375,0.9999465942382812,missing,detected
source_000040,40,4.551666666666667,4.545454545454545,,766.984130859375,900.7777099609375,0.000386703759431839,32.39272852442597,619.9483642578125,898.0966796875,0.9999767541885376,missing,detected
source_000041,41,4.763333333333334,4.659090909090908,,771.531494140625,893.218505859375,0.00027283839881420135,32.57558517332703,615.098388671875,890.5550537109375,0.9999655485153198,missing,detected
source_000042,42,4.871666666666667,4.7727272727272725,,747.5040283203125,898.2317504882812,0.012211985886096954,32.706169349907626,589.1581420898438,896.7772216796875,0.9999686479568481,missing,detected
source_000043,43,4.996666666666667,4.886363636363636,,763.1234130859375,899.3275146484375,0.0005012615001760423,31.997712505017265,597.93408203125,897.3270874023438,0.9999006986618042,missing,detected
source_000044,44,5.0600000000000005,5.0,,781.47900390625,890.2901000976562,0.0002766380493994802,31.312424475408704,615.6028442382812,887.6676025390625,0.9999425411224365,missing,detected
source_000045,45,5.131666666666667,5.113636363636363,,791.02001953125,894.5924682617188,0.0005969763151369989,30.927872579149415,631.5335693359375,891.6091918945312,0.9999563694000244,missing,detected
source_000046,46,5.335,5.227272727272727,,782.3237915039062,893.0595703125,0.00037872273242101073,31.003241510978793,635.3169555664062,890.2908935546875,0.999964714050293,missing,detected
source_000047,47,5.44,5.340909090909091,,786.3268432617188,890.8800659179688,0.0006161835044622421,32.08246215379648,619.2288208007812,888.5279541015625,0.9999051094055176,missing,detected
source_000048,48,5.551666666666667,5.454545454545454,,785.2047729492188,892.0559692382812,0.0006006316980347037,32.45920253159843,616.4822387695312,889.6483154296875,0.9999208450317383,missing,detected
source_000049,49,5.668333333333334,5.5681818181818175,,783.4348754882812,895.0427856445312,0.0003531013207975775,32.69707836139859,615.48681640625,892.4044799804688,0.9999358654022217,missing,detected
source_000050,50,5.796666666666667,5.681818181818182,,784.1842041015625,889.228515625,0.0004241405986249447,32.982909114042386,614.4692993164062,886.771240234375,0.9998905658721924,missing,detected
source_000051,51,5.856666666666667,5.795454545454545,,790.2625122070312,889.8147583007812,0.000664525490719825,32.38079590681034,621.0231323242188,887.6932373046875,0.9998303651809692,missing,detected
source_000052,52,6.016666666666668,5.909090909090908,,781.6229248046875,895.118896484375,0.0008074982324615121,31.679134935330097,612.8231201171875,892.8643798828125,0.999559223651886,missing,detected
source_000053,53,6.113333333333333,6.0227272727272725,,779.3973388671875,899.0885009765625,0.0018855007365345955,31.41540111873742,610.7636108398438,897.1336669921875,0.9995540976524353,missing,detected
source_000054,54,6.218333333333334,6.136363636363636,,792.23291015625,906.0195922851562,0.0003943906049244106,30.986935958070248,626.4542236328125,903.099365234375,0.9998743534088135,missing,detected
source_000055,55,6.2683333333333335,6.249999999999999,,811.2693481445312,900.1656494140625,0.003640619106590748,31.200083651568004,634.2258911132812,898.2262573242188,0.9998735189437866,missing,detected
source_000056,56,6.471666666666667,6.363636363636363,,810.6492919921875,897.5637817382812,0.0022378764115273952,31.407705148220202,630.0932006835938,896.02978515625,0.9998621940612793,missing,detected
source_000057,57,6.595000000000001,6.477272727272727,,777.1567993164062,902.414306640625,0.0010806666687130928,32.60429601951626,627.8527221679688,900.238525390625,0.9999614953994751,missing,detected
source_000058,58,6.653333333333333,6.59090909090909,,772.3004760742188,905.4134521484375,0.0005276634474284947,32.510048713308315,626.9346923828125,902.9243774414062,0.9999669790267944,missing,detected
source_000059,59,6.8133333333333335,6.704545454545454,,772.5458984375,905.1383056640625,0.0006283069378696382,32.68080018110602,628.3892822265625,902.7086181640625,0.9999724626541138,missing,detected
source_000060,60,6.923333333333334,6.8181818181818175,,774.1156005859375,904.2447509765625,0.0007340805605053902,32.52985149442285,626.8019409179688,901.9203491210938,0.9999630451202393,missing,detected
source_000061,61,7.033333333333334,6.931818181818182,,776.2824096679688,904.7415771484375,0.0018801616970449686,31.582074919976556,598.2430419921875,902.56689453125,0.9999364614486694,missing,detected
source_000062,62,7.156666666666667,7.045454545454545,,780.2327270507812,890.90673828125,0.0012283875839784741,31.539930776640613,604.891845703125,888.843505859375,0.9997697472572327,missing,detected
source_000063,63,7.265000000000001,7.159090909090908,,792.0278930664062,890.8490600585938,0.0003819667617790401,31.410289505843206,620.9485473632812,887.9970703125,0.9999583959579468,missing,detected
source_000064,64,7.386666666666667,7.272727272727272,,788.8091430664062,894.3529052734375,8.599778084317222e-05,31.56497064859229,636.4617919921875,890.593505859375,0.999976396560669,missing,detected
source_000065,65,7.451666666666667,7.386363636363636,,777.9363403320312,898.5587158203125,0.0004752888053189963,32.278029196055485,629.7642211914062,896.2156372070312,0.9999090433120728,missing,detected
source_000066,66,7.603333333333333,7.499999999999999,,771.0306396484375,901.73779296875,0.00018932907551061362,32.52846758527679,628.8215942382812,898.965087890625,0.9999583959579468,missing,detected
source_000067,67,7.721666666666668,7.613636363636363,,777.4508056640625,889.380859375,0.0012651827419176698,32.87436538750894,597.6536254882812,887.2112426757812,0.9997621178627014,missing,detected
source_000068,68,7.738333333333334,7.727272727272727,,762.8619384765625,881.5225830078125,0.1484227031469345,32.33771020212835,562.2787475585938,880.6245727539062,0.9999691247940063,missing,detected
source_000069,69,7.856666666666667,7.84090909090909,32.28862164591192,693.6104125976562,875.6338500976562,0.9996140599250793,31.484802375338873,489.670654296875,875.5202026367188,0.9999812841415405,detected,detected
source_000070,70,8.068333333333333,7.954545454545454,32.07539365738461,683.2276611328125,857.5512084960938,0.9999631643295288,31.045114780854277,463.5002136230469,857.6573486328125,0.9999816417694092,detected,detected
source_000071,71,8.183333333333334,8.068181818181818,32.04435705008175,669.236328125,853.1998291015625,0.9997925162315369,30.588470912726034,443.6639709472656,853.140869140625,0.9999774694442749,detected,detected
source_000072,72,8.256666666666668,8.181818181818182,32.32169391242156,642.8350830078125,864.277587890625,0.9999333620071411,31.04823942392476,408.4911804199219,864.3993530273438,0.9999548196792603,detected,detected
source_000073,73,8.325000000000001,8.295454545454545,32.48190434395548,621.5156860351562,873.48681640625,0.9999182224273682,31.8991156291264,394.488525390625,873.5152587890625,0.9999876022338867,detected,detected
source_000074,74,8.418333333333333,8.409090909090908,32.521384673281304,598.7960815429688,881.7469482421875,0.9999815225601196,32.006145937656676,363.2746887207031,881.7485961914062,0.999984860420227,detected,detected
source_000075,75,8.641666666666667,8.522727272727272,32.596538225266244,591.1840209960938,871.9356689453125,0.9999712705612183,32.087598671610436,348.71435546875,871.935791015625,0.9999783039093018,detected,detected
source_000076,76,8.743333333333334,8.636363636363635,33.23168910443858,541.8948974609375,880.3570556640625,0.9999978542327881,32.09065789763409,302.64752197265625,880.5107421875,0.9999895095825195,detected,detected
source_000077,77,8.858333333333334,8.75,33.171564976627934,543.5926513671875,877.945068359375,0.9999958276748657,32.204424848721104,298.9549560546875,878.11376953125,0.999977707862854,detected,detected
source_000078,78,8.986666666666666,8.863636363636363,33.00465493876815,548.6356811523438,873.0984497070312,0.9999969005584717,32.030375289020704,300.6125793457031,873.32568359375,0.9999628067016602,detected,detected
source_000079,79,9.086666666666668,8.977272727272727,32.635019878676275,556.5350341796875,870.9873046875,0.9999940395355225,31.427306549570375,311.95556640625,871.23388671875,0.9999680519104004,detected,detected
source_000080,80,9.191666666666666,9.09090909090909,32.6598691709335,550.7041625976562,879.3607177734375,0.9999810457229614,31.84002115297449,300.4705810546875,879.4035034179688,0.9999535083770752,detected,detected
source_000081,81,9.313333333333334,9.204545454545451,32.67686823402397,543.6756591796875,889.0900268554688,0.9999865293502808,31.650255827611776,299.2178955078125,889.1192626953125,0.9999722242355347,detected,detected
source_000082,82,9.423333333333334,9.318181818181817,32.69483293541394,546.4979248046875,889.214111328125,0.9999958276748657,31.827157784772538,301.6876525878906,889.353271484375,0.9999837875366211,detected,detected
source_000083,83,9.535,9.431818181818182,32.64773597683412,546.0667724609375,891.1011962890625,0.999998927116394,31.910456121954176,299.5749206542969,891.2564697265625,0.9999885559082031,detected,detected
source_000084,84,9.653333333333334,9.545454545454543,32.822259232055934,543.9341430664062,885.0374755859375,0.9999966621398926,32.00448407120926,298.6449279785156,885.1625366210938,0.9999884366989136,detected,detected
source_000085,85,9.783333333333331,9.659090909090908,33.2497524218914,512.1619873046875,894.8452758789062,0.9999943971633911,31.793341990634904,272.90679931640625,894.9243774414062,0.9999440908432007,detected,detected
source_000086,86,9.843333333333334,9.772727272727272,32.79002505295452,523.3766479492188,894.3642578125,0.9999895095825195,31.77889067016,273.7954406738281,894.4743041992188,0.9999222755432129,detected,detected
source_000087,87,9.915000000000004,9.886363636363637,32.39650533668504,532.7453002929688,891.88134765625,0.9999947547912598,31.87223552365641,280.9310302734375,892.02099609375,0.9999616146087646,detected,detected
source_000088,88,10.111666666666668,10.0,32.50005350576565,530.6045532226562,893.9345092773438,0.9999963045120239,31.764326804083385,282.9111328125,894.2085571289062,0.9999028444290161,detected,detected
source_000089,89,10.211666666666668,10.113636363636363,32.409211315237,532.0808715820312,896.0881958007812,0.9999963045120239,31.770181667808014,282.6134033203125,896.2055053710938,0.9999712705612183,detected,detected
source_000090,90,10.345,10.227272727272728,32.535272692431306,528.688232421875,902.3421630859375,0.9999616146087646,32.02544502469913,273.6401062011719,902.4004516601562,0.9999591112136841,detected,detected
source_000091,91,10.448333333333334,10.34090909090909,32.88474440362673,519.0256958007812,900.8834228515625,0.9999942779541016,31.963608759485133,272.6391296386719,900.9051513671875,0.999987006187439,detected,detected
source_000092,92,10.568333333333332,10.454545454545451,33.32955883524408,499.0765075683594,892.7457885742188,0.9999830722808838,31.82753676992611,253.7921905517578,892.9443969726562,0.9999239444732666,detected,detected
source_000093,93,10.695,10.568181818181817,33.43631310738557,468.7969970703125,903.0830078125,0.9999887943267822,32.04160974246134,215.99526977539062,903.1864013671875,0.9987441301345825,detected,detected
source_000094,94,10.8,10.681818181818182,33.40906716657634,475.66168212890625,895.24658203125,0.9999874830245972,32.025453366540454,225.83245849609375,895.3757934570312,0.9957783222198486,detected,detected
source_000095,95,10.915000000000004,10.795454545454543,32.93799734455449,495.21343994140625,888.4966430664062,0.9999923706054688,31.764962979096065,242.46258544921875,888.655517578125,0.9998538494110107,detected,detected
source_000096,96,11.028333333333334,10.909090909090908,32.765911882123426,499.09735107421875,889.9784545898438,0.999974250793457,31.71590774723242,247.50479125976562,890.1290283203125,0.9999204874038696,detected,detected
source_000097,97,11.138333333333334,11.022727272727272,32.66210036852071,498.13372802734375,899.5775756835938,0.9999873638153076,31.414899859422224,249.30177307128906,899.70361328125,0.9999463558197021,detected,detected
source_000098,98,11.261666666666668,11.136363636363637,32.84497298588358,491.9299011230469,909.0259399414062,0.9999924898147583,31.62655062975831,242.39125061035156,909.1967163085938,0.9999479055404663,detected,detected
source_000099,99,11.291666666666668,11.249999999999998,33.03247048243146,479.1097106933594,907.1196899414062,0.9962136149406433,31.869729459859123,227.35897827148438,907.1722412109375,0.9993593096733093,detected,detected
source_000100,100,11.416666666666668,11.363636363636363,33.31693481696343,445.2122802734375,914.3683471679688,0.999992847442627,31.682881165378117,195.93313598632812,914.570556640625,0.9987117052078247,detected,detected
source_000101,101,11.606666666666667,11.477272727272728,33.409134917095884,447.4530334472656,910.091552734375,0.9999697208404541,31.675664669024368,195.08583068847656,910.29931640625,0.9972302317619324,detected,detected
source_000102,102,11.706666666666669,11.59090909090909,33.20164718081905,465.12420654296875,893.6212158203125,0.9999954700469971,31.951732353735043,213.20260620117188,893.8118286132812,0.9997223019599915,detected,detected
source_000103,103,11.82,11.704545454545451,32.94975197840864,479.9850769042969,887.4015502929688,0.9999682903289795,31.797950708755952,223.52650451660156,887.6302490234375,0.9998008608818054,detected,detected
source_000104,104,11.94,11.818181818181817,32.573633405297954,479.06146240234375,895.2182006835938,0.9999918937683105,31.720861808825457,222.8706817626953,895.2960205078125,0.9998881816864014,detected,detected
source_000105,105,12.045,11.931818181818182,32.67132483168613,473.2528381347656,899.9303588867188,0.9999788999557495,31.67460993892034,223.8409423828125,900.185791015625,0.9998729228973389,detected,detected
source_000106,106,12.17,12.045454545454543,32.58139054924557,483.0118408203125,907.491943359375,0.9999818801879883,31.585751242496762,228.12254333496094,907.561279296875,0.9998294115066528,detected,detected
source_000107,107,12.296666666666669,12.159090909090908,33.2291694795924,459.8663330078125,898.80615234375,0.9999613761901855,32.194448717645336,211.2302703857422,898.9967651367188,0.9998366832733154,detected,detected
source_000108,108,12.391666666666667,12.272727272727272,33.289791938834306,456.71197509765625,896.4937133789062,0.9999345541000366,32.396547503454926,207.13946533203125,896.5779418945312,0.999895453453064,detected,detected
source_000109,109,12.508333333333336,12.386363636363637,33.30213333495602,456.1268310546875,896.5991821289062,0.9999746084213257,32.75088364860683,207.47251892089844,896.7052612304688,0.999896764755249,detected,detected
source_000110,110,12.618333333333334,12.499999999999998,33.255894142079136,460.1802062988281,895.5477294921875,0.9999648332595825,32.922705533125,207.3082275390625,895.6597900390625,0.9998866319656372,detected,detected
source_000111,111,12.731666666666667,12.613636363636363,33.20677703963804,464.845458984375,897.2022094726562,0.9999656677246094,32.860157831424544,209.06285095214844,897.31640625,0.9998989105224609,detected,detected
source_000112,112,12.858333333333334,12.727272727272728,33.30989574508378,460.6971130371094,902.3412475585938,0.9998754262924194,32.648184070457184,209.5900115966797,902.3912963867188,0.9999210834503174,detected,detected
source_000113,113,12.875,12.84090909090909,33.33413885985809,458.09686279296875,904.0989379882812,0.9999089241027832,32.57915869107298,208.8392333984375,904.150390625,0.9999278783798218,detected,detected
source_000114,114,13.085,12.954545454545451,33.310744088372644,453.2312927246094,907.1533203125,0.9999836683273315,32.36649490913114,209.0747528076172,907.3463745117188,0.9998515844345093,detected,detected
source_000115,115,13.145,13.068181818181817,32.959950423766266,454.04949951171875,909.53564453125,0.9999918937683105,32.267884268139206,210.39773559570312,909.74365234375,0.9998669624328613,detected,detected
source_000116,116,13.225,13.18181818181818,33.016608522912115,453.1931457519531,911.250244140625,0.9999895095825195,32.26351462591514,210.91159057617188,911.4422607421875,0.9998700618743896,detected,detected
source_000117,117,13.423333333333334,13.295454545454543,33.249140037465025,454.040283203125,911.1690673828125,0.9999817609786987,32.35766213937702,208.15768432617188,911.3482666015625,0.9998384714126587,detected,detected
source_000118,118,13.523333333333332,13.409090909090908,33.6349975619992,446.37762451171875,908.3980102539062,0.9999790191650391,32.7096673828848,204.1533203125,908.5477294921875,0.9998899698257446,detected,detected
source_000119,119,13.648333333333332,13.522727272727272,33.510571080708,444.1102294921875,907.1146850585938,0.9999903440475464,32.85804161463848,202.13319396972656,907.2866821289062,0.9998877048492432,detected,detected
source_000120,120,13.753333333333334,13.636363636363637,33.649370305815026,442.7243957519531,903.53955078125,0.9999620914459229,33.169880897446745,198.24224853515625,903.766357421875,0.9998941421508789,detected,detected
source_000121,121,13.855,13.749999999999998,33.022722088533584,450.8678283691406,904.71923828125,0.9999860525131226,33.09822182712648,200.0279083251953,904.7861938476562,0.9999281167984009,detected,detected
source_000122,122,13.955,13.863636363636363,32.893358519263614,446.7391357421875,903.8460693359375,0.9999963045120239,32.95948074180351,199.5408172607422,904.0595092773438,0.9997605681419373,detected,detected
source_000123,123,14.098333333333334,13.977272727272728,32.72772728485005,450.4976806640625,903.5233154296875,0.9999935626983643,32.67603491104496,197.2672119140625,903.6080322265625,0.999855637550354,detected,detected
source_000124,124,14.215000000000002,14.09090909090909,32.82125716973866,445.70220947265625,903.8167724609375,0.9999921321868896,32.641249146864894,196.04087829589844,903.88916015625,0.9998741149902344,detected,detected
source_000125,125,14.338333333333336,14.204545454545451,33.50149322328835,442.6443786621094,907.3414916992188,0.9999896287918091,32.55136732759391,198.3972930908203,907.5010986328125,0.999854564666748,detected,detected
source_000126,126,14.353333333333332,14.318181818181817,33.94935332250512,481.7106018066406,903.340576171875,0.9999940395355225,32.65651182619309,243.23880004882812,903.52197265625,0.9999219179153442,detected,detected
source_000127,127,14.561666666666667,14.43181818181818,33.43966535566857,562.3849487304688,900.2034301757812,0.9997836947441101,32.502695857779244,320.1330261230469,900.212646484375,0.9999340772628784,detected,detected
source_000128,128,14.683333333333334,14.545454545454543,33.90025093151773,583.7532348632812,892.3391723632812,0.9999539852142334,32.43547924175431,350.9615783691406,892.3486938476562,0.9999699592590332,detected,detected
source_000129,129,14.786666666666669,14.659090909090908,33.50630207247711,589.1488647460938,892.35546875,0.9999648332595825,32.38163698072294,349.59857177734375,892.39111328125,0.999962329864502,detected,detected
source_000130,130,14.901666666666667,14.772727272727272,33.36412613055361,586.68701171875,895.7239990234375,0.9999879598617554,32.15608354287226,351.4593505859375,895.7584228515625,0.9999697208404541,detected,detected
source_000131,131,15.018333333333334,14.886363636363637,33.287204290998424,586.3440551757812,896.7664794921875,0.9999887943267822,32.02814039702902,352.12384033203125,896.7997436523438,0.9999741315841675,detected,detected
source_000132,132,15.123333333333337,14.999999999999998,33.300022240382496,586.9143676757812,896.3932495117188,0.9999922513961792,32.08753456641162,348.7855224609375,896.4497680664062,0.9999631643295288,detected,detected
source_000133,133,15.250000000000002,15.113636363636362,33.28789741162178,586.0799560546875,898.3621215820312,0.9999936819076538,32.217649751966185,342.42108154296875,898.4207153320312,0.9999567270278931,detected,detected
source_000134,134,15.266666666666667,15.227272727272728,33.30867646497246,587.1753540039062,899.0352783203125,0.9999936819076538,32.227959606370774,341.2146911621094,899.0943603515625,0.9999542236328125,detected,detected
source_000135,135,15.491666666666667,15.34090909090909,33.37372465231284,585.8597412109375,902.1301879882812,0.9999947547912598,32.33086743236818,341.2025146484375,902.183349609375,0.9999589920043945,detected,detected
source_000136,136,15.588333333333336,15.454545454545451,33.55452082825405,586.7650756835938,905.0296020507812,0.9999887943267822,32.40703643782585,342.0865783691406,905.059326171875,0.999970555305481,detected,detected
source_000137,137,15.696666666666667,15.568181818181817,33.570535090151836,588.54833984375,907.4844970703125,0.9999878406524658,32.479447997532034,343.65826416015625,907.516845703125,0.9999678134918213,detected,detected
source_000138,138,15.81,15.68181818181818,33.66451028625979,591.1710205078125,906.3903198242188,0.9999665021896362,32.6983729629014,341.5251159667969,906.4093017578125,0.9999655485153198,detected,detected
source_000139,139,15.93,15.795454545454543,33.7796256924228,591.3790893554688,903.2903442382812,0.999983549118042,32.733738513330884,343.54486083984375,903.326416015625,0.9999666213989258,detected,detected
source_000140,140,16.03666666666667,15.909090909090908,34.05610900010053,594.14599609375,897.93212890625,0.9999845027923584,32.89901729038178,340.0954895019531,897.9743041992188,0.9999637603759766,detected,detected
source_000141,141,16.111666666666668,16.02272727272727,34.077620515418154,597.429931640625,890.0140991210938,0.9999443292617798,32.98966440469073,336.0656433105469,890.052001953125,0.9999444484710693,detected,detected
source_000142,142,16.265,16.136363636363637,34.428653820324534,593.1364135742188,885.606689453125,0.9999657869338989,33.03907597905839,337.8440856933594,885.6611328125,0.9999547004699707,detected,detected
source_000143,143,16.343333333333334,16.25,34.361972522551206,600.5907592773438,869.1842041015625,0.9959877133369446,33.012746839651385,330.8402099609375,869.118408203125,0.9999024868011475,detected,detected
source_000144,144,16.493333333333336,16.363636363636363,34.38943109719324,573.4661865234375,888.938720703125,0.999941349029541,32.63475079576775,313.3320007324219,889.0858154296875,0.9998283386230469,detected,detected
source_000145,145,16.61,16.477272727272727,34.34509345726587,569.7921752929688,889.2420043945312,0.9999741315841675,32.68302235895538,308.5898132324219,889.4103393554688,0.9997262358665466,detected,detected
source_000146,146,16.713333333333335,16.59090909090909,34.38684061984984,572.2098999023438,885.0441284179688,0.9999533891677856,32.914707935223646,311.8075866699219,885.2054443359375,0.9998589754104614,detected,detected
source_000147,147,16.84,16.704545454545453,34.307023823849754,574.9116821289062,884.0361938476562,0.9999934434890747,32.76957033383631,320.4788818359375,884.2413940429688,0.9998904466629028,detected,detected
source_000148,148,16.941666666666666,16.818181818181817,34.56088185662745,578.0922241210938,882.64404296875,0.9999929666519165,33.01869524040098,322.5855712890625,882.8623657226562,0.9998995065689087,detected,detected
source_000149,149,17.063333333333336,16.93181818181818,34.455750068112884,577.8651123046875,890.715087890625,0.9999918937683105,32.89425501638442,322.8067626953125,890.8941040039062,0.9998743534088135,detected,detected
source_000150,150,17.193333333333335,17.045454545454543,34.255156942856026,583.7277221679688,893.0110473632812,0.99997878074646,32.89492372064644,328.0860900878906,893.1402587890625,0.9999247789382935,detected,detected
source_000151,151,17.298333333333336,17.159090909090907,34.21332468405434,584.2568969726562,894.953369140625,0.9999841451644897,32.89272087053684,326.328125,895.1024169921875,0.9998624324798584,detected,detected
source_000152,152,17.403333333333336,17.27272727272727,34.55691957223985,556.8568115234375,905.4049072265625,0.9973015785217285,32.51149060841198,296.4666748046875,905.5116577148438,0.9987469911575317,detected,detected
source_000153,153,17.513333333333335,17.386363636363637,33.84771891577437,546.8253173828125,913.4122314453125,0.9998856782913208,32.37913439216207,291.9237365722656,913.5438842773438,0.9983330368995667,detected,detected
source_000154,154,17.62666666666667,17.5,33.5664508353905,558.8827514648438,908.7042236328125,0.9999434947967529,32.32279412691355,296.0329284667969,908.9002685546875,0.9954564571380615,detected,detected
source_000155,155,17.741666666666667,17.613636363636363,33.693038618841506,576.1195068359375,896.4443969726562,0.9999961853027344,32.755070840133946,313.77044677734375,896.6067504882812,0.9998708963394165,detected,detected
source_000156,156,17.85,17.727272727272727,33.958060508131304,572.3759765625,894.9019775390625,0.9999101161956787,32.783296367357046,311.0093994140625,895.0045166015625,0.9998458623886108,detected,detected
source_000157,157,17.883333333333333,17.84090909090909,34.03297883413791,567.9724731445312,893.1482543945312,0.9656011462211609,32.813607503254296,301.76190185546875,892.9163818359375,0.9998787641525269,detected,detected
source_000158,158,18.101666666666667,17.954545454545453,33.981099718577006,570.23828125,889.5404663085938,0.9681589007377625,32.512480353730304,303.10223388671875,889.3975830078125,0.9997057318687439,detected,detected
source_000159,159,18.203333333333333,18.068181818181817,34.445865400877075,526.4349365234375,895.6652221679688,0.997763991355896,32.01610878140943,271.2410888671875,895.747802734375,0.9989161491394043,detected,detected
source_000160,160,18.316666666666663,18.18181818181818,33.30231389665529,520.619873046875,896.8675537109375,0.9997782111167908,31.809436004016803,273.4964904785156,896.9666748046875,0.9994058609008789,detected,detected
source_000161,161,18.42833333333333,18.295454545454543,33.124846784969876,527.2516479492188,890.3884887695312,0.9999642372131348,31.702368861078376,271.1150207519531,890.5445556640625,0.9989761114120483,detected,detected
source_000162,162,18.543333333333333,18.409090909090907,33.25171466105322,544.7955932617188,870.9973754882812,0.9999748468399048,31.85592904351369,279.7475280761719,871.122802734375,0.9998910427093506,detected,detected
source_000163,163,18.648333333333333,18.52272727272727,33.54251039795166,533.1762084960938,874.0421752929688,0.9997665286064148,31.996680612455425,271.10845947265625,874.0834350585938,0.9998685121536255,detected,detected
source_000164,164,18.688333333333336,18.636363636363637,33.82286743018075,528.056884765625,877.7261962890625,0.9997720122337341,31.97709424307161,271.9169921875,877.7425537109375,0.9999057054519653,detected,detected
source_000165,165,18.851666666666667,18.75,34.539098056137355,533.538818359375,861.5811767578125,0.9998902082443237,32.37063111246351,271.1607971191406,861.6343994140625,0.999932050704956,detected,detected
source_000166,166,19.006666666666668,18.863636363636363,34.40488724632334,517.9043579101562,858.6459350585938,0.999901533126831,32.084433176907794,257.6881103515625,858.745849609375,0.9991436004638672,detected,detected
source_000167,167,19.115,18.977272727272727,34.84931437453084,461.1508483886719,867.8388671875,0.9998689889907837,,216.6892547607422,868.042236328125,0.29432764649391174,detected,missing
source_000168,168,19.23333333333333,19.09090909090909,35.56979004456988,441.4736328125,855.6558227539062,0.9999721050262451,31.991246622673884,209.32049560546875,855.846435546875,0.5370978713035583,detected,detected
source_000169,169,19.348333333333336,19.204545454545453,35.5474555268368,452.0090637207031,830.3177490234375,0.9999876022338867,,208.14862060546875,830.4769897460938,0.304021418094635,detected,missing
source_000170,170,19.456666666666667,19.318181818181817,35.053387416555175,471.1044616699219,811.0639038085938,0.9999133348464966,32.66221897198464,214.68051147460938,811.2449951171875,0.9960144758224487,detected,detected
source_000171,171,19.58666666666667,19.43181818181818,35.32359509994915,457.196044921875,802.1638793945312,0.9999685287475586,32.67376154560844,209.22830200195312,802.33349609375,0.9986482262611389,detected,detected
source_000172,172,19.64666666666667,19.545454545454543,35.270152786183786,466.30316162109375,783.6151733398438,0.9999812841415405,32.87629336837221,206.69204711914062,783.8128051757812,0.9990099668502808,detected,detected
source_000173,173,19.805,19.659090909090907,34.34053971959313,451.914794921875,795.6423950195312,0.9999549388885498,31.60432614751204,205.63458251953125,795.7772216796875,0.9993889331817627,detected,detected
source_000174,174,19.91333333333333,19.77272727272727,34.05154455005161,410.2255859375,813.339599609375,0.9999526739120483,,169.53256225585938,813.527099609375,0.29129132628440857,detected,missing
source_000175,175,20.023333333333333,19.886363636363637,33.92482390832754,410.7983093261719,805.3370361328125,0.9999862909317017,,167.96258544921875,805.46435546875,0.21219563484191895,detected,missing
source_000176,176,20.151666666666667,20.0,33.88683318873041,415.0234375,784.5216064453125,0.9999172687530518,,160.9468536376953,784.783935546875,0.2745542526245117,detected,missing
source_000177,177,20.168333333333333,20.113636363636363,34.791064520662815,420.107177734375,768.0650024414062,0.9999487400054932,32.25482766990275,163.37754821777344,768.2849731445312,0.7508271932601929,detected,detected
source_000178,178,20.28666666666667,20.227272727272727,34.87440954808744,417.83416748046875,766.3057250976562,0.9999545812606812,32.25364842687852,163.4274444580078,766.5408935546875,0.9137584567070007,detected,detected
source_000179,179,20.453333333333333,20.34090909090909,35.06647192234957,424.9512939453125,760.0052490234375,0.9999790191650391,32.53927558284138,163.16378784179688,760.2601318359375,0.8750502467155457,detected,detected
source_000180,180,20.508333333333336,20.454545454545453,34.994680950233615,436.3616638183594,756.8885498046875,0.9996716976165771,32.21427405973846,175.89646911621094,757.0475463867188,0.8846418857574463,detected,detected
source_000181,181,20.71666666666667,20.568181818181817,34.347953100406194,421.0846252441406,766.9137573242188,0.9996693134307861,31.780516039421077,157.95799255371094,767.1397094726562,0.5245960354804993,detected,detected
source_000182,182,20.815,20.68181818181818,34.342375213562285,379.7876892089844,781.7340087890625,0.9999850988388062,31.233558379127313,134.95965576171875,781.8640747070312,0.5390449166297913,detected,detected
source_000183,183,20.93166666666667,20.795454545454543,34.113116812704256,380.2585754394531,782.7587890625,0.9997356534004211,,120.1990737915039,783.0260009765625,0.1408281922340393,detected,missing
source_000184,184,21.048333333333336,20.909090909090907,34.59048636954368,396.40374755859375,765.149169921875,0.9999879598617554,31.98029072171447,136.86000061035156,765.3092041015625,0.9850254654884338,detected,detected
source_000185,185,21.153333333333336,21.02272727272727,34.875420756700954,403.04486083984375,759.5645751953125,0.9999977350234985,32.467096457343025,142.1210479736328,759.7681274414062,0.9855301380157471,detected,detected
source_000186,186,21.291666666666668,21.136363636363637,35.269849068960134,400.42535400390625,757.0726318359375,0.9999945163726807,32.65690434824708,140.73646545410156,757.4119262695312,0.9819437265396118,detected,detected
source_000187,187,21.39166666666667,21.25,35.458951583320996,396.8369445800781,740.772705078125,0.9999322891235352,32.36864487902163,139.44369506835938,740.9591064453125,0.9916777610778809,detected,detected
source_000188,188,21.50333333333333,21.363636363636363,35.447956413917005,385.2601013183594,732.135498046875,0.9999793767929077,31.868311972719198,129.8263702392578,732.304443359375,0.989863395690918,detected,detected
source_000189,189,21.531666666666663,21.477272727272727,34.825167922210895,359.77020263671875,737.218994140625,0.9997572302818298,31.446925166539994,106.46893310546875,737.4476318359375,0.8551170825958252,detected,detected
source_000190,190,21.75,21.59090909090909,34.186548805923486,361.9280090332031,738.0294189453125,0.9995028972625732,31.466606450679997,103.76518249511719,738.2742309570312,0.8221038579940796,detected,detected
source_000191,191,21.76666666666667,21.704545454545453,34.306048573284684,368.1375427246094,732.7459716796875,0.9999545812606812,31.660394333112485,99.32014465332031,732.9380493164062,0.8760262131690979,detected,detected
source_000192,192,21.96166666666667,21.818181818181817,33.92362616751614,377.7898254394531,740.7603149414062,0.9999492168426514,31.57585665649415,107.0659408569336,740.9959106445312,0.8888277411460876,detected,detected
source_000193,193,22.041666666666668,21.93181818181818,34.180108663028726,367.8406982421875,749.9569091796875,0.9999663829803467,31.403942126973114,107.52047729492188,750.1870727539062,0.9826052188873291,detected,detected
source_000194,194,22.10333333333333,22.045454545454543,35.05959674191446,373.4454345703125,744.6582641601562,0.999976634979248,31.886878780095905,110.79302215576172,744.8275756835938,0.998233437538147,detected,detected
source_000195,195,22.21666666666667,22.159090909090907,35.337125864333295,373.4727478027344,741.95068359375,0.9999788999557495,32.0068755470661,111.44766235351562,742.1470947265625,0.9910740256309509,detected,detected
source_000196,196,22.42666666666667,22.27272727272727,34.770448886955194,339.5403747558594,754.8509521484375,0.9999896287918091,31.09901572101955,87.42267608642578,755.0055541992188,0.7540999054908752,detected,detected
source_000197,197,22.44333333333333,22.386363636363637,34.42910040864687,327.480712890625,749.1451416015625,0.9997667670249939,,73.71443939208984,749.4119873046875,0.259468674659729,detected,missing
source_000198,198,22.648333333333333,22.5,34.73445271012629,329.88592529296875,729.2147216796875,0.9999865293502808,,72.28042602539062,729.3336181640625,0.15083134174346924,detected,missing
source_000199,199,22.75166666666667,22.613636363636363,34.204155990146546,341.2921447753906,726.0306396484375,0.9999918937683105,31.552062648420215,83.74748992919922,726.2074584960938,0.9699476957321167,detected,detected
source_000200,200,22.871666666666677,22.727272727272727,34.27275378866993,338.8343811035156,726.9000854492188,0.9999896287918091,31.501496678555586,85.3729248046875,727.049560546875,0.9945476651191711,detected,detected
source_000201,201,22.96,22.84090909090909,33.72958906460349,354.8097839355469,731.97607421875,0.9999696016311646,31.562933052146363,95.7227783203125,732.1416015625,0.9946070313453674,detected,detected
source_000202,202,23.020000000000003,22.954545454545453,34.045968008370586,361.2268981933594,730.876220703125,0.9999847412109375,31.64964205689423,96.10311126708984,731.0296630859375,0.9945845007896423,detected,detected
source_000203,203,23.12,23.068181818181817,34.89213923084633,331.8412170410156,732.8549194335938,0.9999819993972778,31.787476305296195,83.9871597290039,733.0274658203125,0.962295413017273,detected,detected
source_000204,204,23.330000000000005,23.18181818181818,34.669889358556176,317.54815673828125,736.7199096679688,0.9999200105667114,,62.138431549072266,736.913818359375,0.49902889132499695,detected,missing
source_000205,205,23.44333333333333,23.295454545454543,35.2627770828569,322.13287353515625,717.8274536132812,0.9999921321868896,,75.27764129638672,717.7166748046875,0.004369775764644146,detected,missing
source_000206,206,23.55333333333333,23.409090909090907,35.95872913558023,332.4176330566406,697.0582885742188,0.9999972581863403,32.12318429797022,90.07559967041016,697.258056640625,0.7467067241668701,detected,detected
source_000207,207,23.66166666666667,23.52272727272727,36.05940312442114,329.2180480957031,696.57763671875,0.9999850988388062,32.044090122185544,91.7769775390625,696.7706298828125,0.7239964604377747,detected,detected
source_000208,208,23.74833333333333,23.636363636363637,34.89492178826654,339.787841796875,694.660400390625,0.9999947547912598,31.947147633128772,92.99811553955078,694.8182373046875,0.9890118837356567,detected,detected
source_000209,209,23.89166666666667,23.75,34.563498236622976,348.76641845703125,689.9298706054688,0.9999923706054688,31.99489138137424,95.05915832519531,690.1232299804688,0.9863605499267578,detected,detected
source_000210,210,23.923333333333336,23.863636363636363,34.45685777524619,317.6994323730469,702.9579467773438,0.999993085861206,,81.0956039428711,703.1256713867188,0.4264744222164154,detected,missing
source_000211,211,24.14166666666667,23.977272727272727,35.061127777776996,295.68243408203125,701.731689453125,0.9999973773956299,,75.79044342041016,701.1233520507812,0.00031863595359027386,detected,missing
source_000212,212,24.15666666666667,24.09090909090909,35.33215483887852,303.2410583496094,684.6973876953125,0.9999961853027344,,70.66648864746094,683.8890991210938,8.93968899617903e-05,detected,missing
source_000213,213,24.35833333333333,24.204545454545453,36.05623629168032,315.52734375,667.40380859375,0.9999744892120361,,70.33326721191406,667.5502319335938,0.05585877597332001,detected,missing
source_000214,214,24.471666666666668,24.318181818181817,36.10384288307469,315.84796142578125,662.986328125,0.999972939491272,,76.58274841308594,663.0635375976562,0.014912925660610199,detected,missing
source_000215,215,24.541666666666668,24.43181818181818,36.105887111589226,314.9827880859375,651.933349609375,0.9999982118606567,,68.2090835571289,651.9293212890625,0.021536855027079582,detected,missing
source_000216,216,24.695,24.545454545454543,34.70815687273075,316.55450439453125,630.575927734375,0.9999829530715942,,66.18531799316406,630.6543579101562,0.014074031263589859,detected,missing
source_000217,217,24.796666666666667,24.659090909090907,34.44681938886499,283.56048583984375,621.9152221679688,0.9999970197677612,,41.17090606689453,621.7894897460938,0.0023335858713835478,detected,missing
source_000218,218,24.835,24.77272727272727,34.433314646275925,246.14627075195312,627.8113403320312,0.9999971389770508,,15.778667449951172,627.856201171875,0.004094245843589306,detected,missing
source_000219,219,25.03833333333333,24.886363636363637,34.80727644951347,246.78421020507812,607.5647583007812,0.9999985694885254,,14.929458618164062,607.450439453125,0.0020518105011433363,detected,missing
source_000220,220,25.14166666666667,25.0,35.34680430432511,268.5310363769531,585.0292358398438,0.9999943971633911,,30.711078643798828,585.0096435546875,0.03298698365688324,detected,missing
source_000221,221,25.263333333333332,25.113636363636363,35.50389724542992,269.759033203125,580.8721923828125,0.9999856948852539,,33.63402557373047,580.9390869140625,0.027646487578749657,detected,missing
source_000222,222,25.35333333333333,25.227272727272727,35.98765065302613,279.4458312988281,583.7784423828125,0.9999986886978149,,40.963443756103516,583.8797607421875,0.17975586652755737,detected,missing
source_000223,223,25.415000000000003,25.34090909090909,35.93377792196443,289.84619140625,565.9168090820312,0.9999990463256836,,41.300662994384766,565.9261474609375,0.0423794686794281,detected,missing
source_000224,224,25.520000000000003,25.454545454545453,34.76069718961426,277.67584228515625,573.3491821289062,0.9999974966049194,31.367236126026555,23.325450897216797,573.4522094726562,0.8081061244010925,detected,detected
source_000225,225,25.631666666666668,25.568181818181817,34.544436029662904,236.87855529785156,575.4341430664062,0.9999912977218628,,0.0,575.0795288085938,0.00044490446452982724,detected,missing
source_000226,226,25.843333333333334,25.68181818181818,34.400585093037435,237.8577880859375,564.9196166992188,0.9999903440475464,,0.0,564.397216796875,0.0001836924348026514,detected,missing
source_000227,227,25.94,25.795454545454543,34.63516173199044,255.76966857910156,556.0568237304688,0.9999953508377075,,24.793224334716797,555.936279296875,0.004473717883229256,detected,missing
source_000228,228,26.061666666666667,25.909090909090907,35.54828959966702,267.38983154296875,563.808837890625,0.9999806880950928,,21.069751739501953,563.990234375,0.035509344190359116,detected,missing
source_000229,229,26.133333333333336,26.02272727272727,35.84194015882776,268.031005859375,561.44970703125,0.9999966621398926,,27.019123077392578,561.4765014648438,0.07039061933755875,detected,missing
source_000230,230,26.21,26.136363636363637,35.728819515713155,274.83087158203125,534.582763671875,0.9999955892562866,,16.060604095458984,534.4402465820312,0.00231957552023232,detected,missing
source_000231,231,26.421666666666667,26.25,36.189761552414396,235.21202087402344,530.9026489257812,0.9999970197677612,,0.0,530.6032104492188,0.00026005299878306687,detected,missing
source_000232,232,26.436666666666667,26.36363636363636,34.83739228225605,207.87574768066406,529.7310180664062,0.9999963045120239,,0.0,529.3516845703125,0.00026611631619744003,detected,missing
source_000233,233,26.64666666666667,26.477272727272727,34.405893948273274,217.17274475097656,522.2454223632812,0.9999818801879883,,0.0,521.77880859375,0.00019358235294930637,detected,missing
source_000234,234,26.66333333333333,26.59090909090909,34.11999417101204,228.51898193359375,525.7811279296875,0.9999508857727051,,0.0,525.7097778320312,0.0005053681670688093,detected,missing
source_000235,235,26.76833333333333,26.704545454545453,35.36273731356323,228.76966857910156,546.4246215820312,0.9999946355819702,,5.360761642456055,546.3193969726562,0.001371545484289527,detected,missing
source_000236,236,26.996666666666677,26.818181818181817,35.55211738095069,234.31863403320312,542.7522583007812,0.9999958276748657,,0.0,542.4761962890625,0.0006963942432776093,detected,missing
source_000237,237,27.08833333333333,26.93181818181818,35.88063174930897,241.40481567382812,521.6651611328125,0.9999978542327881,,0.0,521.2088623046875,0.00026899680960923433,detected,missing
source_000238,238,27.195,27.045454545454543,36.00569769193555,222.5324249267578,522.6002807617188,0.9999979734420776,,0.0,522.15673828125,0.00018814673239830881,detected,missing
source_000239,239,27.325000000000003,27.159090909090907,35.96710952962478,197.13558959960938,518.02587890625,0.9999982118606567,,0.0,517.484130859375,6.714658229611814e-05,detected,missing
source_000240,240,27.42833333333333,27.27272727272727,34.34428318946156,191.9803466796875,516.3883056640625,0.9999866485595703,,0.0,515.7783203125,7.847439701436087e-05,detected,missing
source_000241,241,27.53333333333333,27.386363636363637,34.13446437438749,188.6767578125,515.8189697265625,0.9999783039093018,,0.0,515.6090698242188,0.00021148371160961688,detected,missing
source_000242,242,27.57166666666667,27.5,34.15273445909833,187.05447387695312,527.9972534179688,0.9999611377716064,,0.0,527.892333984375,0.000251577963354066,detected,missing
source_000243,243,27.738333333333337,27.61363636363636,34.89856488974667,183.7808380126953,548.60546875,0.9999805688858032,,0.0,548.20166015625,0.0001158672894234769,detected,missing
source_000244,244,27.85666666666667,27.727272727272727,35.481581616735546,183.69357299804688,530.001220703125,0.999974250793457,,0.0,529.3207397460938,4.071286093676463e-05,detected,missing
source_000245,245,28.008333333333336,27.84090909090909,35.48870683812692,179.94699096679688,518.0203247070312,0.9999536275863647,,0.0,517.2025146484375,1.3635246432386339e-05,detected,missing
source_000246,246,28.113333333333337,27.954545454545453,35.84328259278481,139.8818817138672,530.9437866210938,0.9998927116394043,,0.0,529.4230346679688,4.1432072066527326e-06,detected,missing
source_000247,247,28.221666666666668,28.068181818181817,34.91412220657378,112.99768829345703,510.6114807128906,0.9992104768753052,,0.0,509.5846862792969,5.1574097597040236e-05,detected,missing
source_000248,248,28.255000000000003,28.18181818181818,34.18594032738349,95.04887390136719,502.8134765625,0.9880234003067017,,0.0,502.16461181640625,0.00031638500513508916,detected,missing
source_000249,249,28.366666666666667,28.295454545454543,34.04074529490506,93.72827911376953,515.9537353515625,0.9995771050453186,,0.0,514.982421875,5.010916356695816e-05,detected,missing
source_000250,250,28.57,28.409090909090907,34.32655069040483,88.99246978759766,524.6542358398438,0.9998961687088013,,0.0,523.4930419921875,2.3831809812691063e-05,detected,missing
source_000251,251,28.69333333333333,28.52272727272727,35.24691424765701,94.19027709960938,527.2259521484375,0.9996328353881836,,0.0,525.880859375,1.3795523955195677e-05,detected,missing
source_000252,252,28.805000000000003,28.636363636363637,35.31510203140488,100.95331573486328,521.01123046875,0.9998149275779724,,0.0,519.6815185546875,1.1345762686687522e-05,detected,missing
source_000253,253,28.925,28.75,35.80268404623673,87.04644775390625,526.1043701171875,0.9993239641189575,,0.0,524.672607421875,2.3218191927298903e-05,detected,missing
source_000254,254,28.94166666666667,28.86363636363636,35.96233348154188,55.17156982421875,524.2158203125,0.9997909665107727,,0.0,522.3744506835938,1.2322322618274484e-05,detected,missing
source_000255,255,29.153333333333336,28.977272727272727,34.82052923872135,53.54946517944336,524.7047729492188,0.9994978904724121,,1.3772284984588623,522.9423217773438,3.7498874007724226e-05,detected,missing
source_000256,256,29.168333333333337,29.09090909090909,34.15856067657535,59.33857345581055,551.1227416992188,0.9999662637710571,,0.0,549.8094482421875,4.299116335459985e-05,detected,missing
source_000257,257,29.346666666666668,29.204545454545453,33.83329251859254,77.67693328857422,586.1160888671875,0.9999029636383057,,0.0,585.1248168945312,0.00013565771223511547,detected,missing
source_000258,258,29.398333333333337,29.318181818181817,34.49656111907552,88.3036880493164,601.5460815429688,0.9999176263809204,,0.0,600.1985473632812,1.799116944312118e-05,detected,missing
source_000259,259,29.60833333333333,29.43181818181818,35.13578568658676,94.75577545166016,604.8875122070312,0.9998397827148438,,0.0,603.755126953125,3.606790414778516e-05,detected,missing
source_000260,260,29.62666666666667,29.545454545454543,35.645988638014956,92.57075500488281,602.4823608398438,0.9998553991317749,,0.0,601.2659301757812,2.7697633413481526e-05,detected,missing
source_000261,261,29.73333333333333,29.659090909090907,35.068510819295874,95.27792358398438,620.6936645507812,0.9999096393585205,,0.0,619.606201171875,3.319621100672521e-05,detected,missing
source_000262,262,29.85333333333333,29.77272727272727,35.41310051269837,91.72735595703125,603.7186889648438,0.9998270869255066,,0.0,602.3992919921875,2.8403241230989806e-05,detected,missing
source_000263,263,29.965000000000003,29.886363636363637,35.778965202104764,93.98688507080078,588.52978515625,0.9999327659606934,,0.0,587.0439453125,1.6151298041222617e-05,detected,missing
